    

 

977

 

ΙΙ.

971 ῑ1029866117

(2327497425
9660144181
9031925849
4212152420
’4119464469
9309989701
8640576725
6127703398
6848609680
Ι6477857878
7239958805
4562306900
1023541453
3623336745
2026612077
7574206755
Ι8812691914
8996929375
6049129989
3213920163
8577277379
2763561924
5783009211

 

7471852610

,0450358239
ἐ1017293997

7914547304

,6775178026
ξ7110885045

1922685656

,7558494404

5005086469
1739572736

ζ4933875890

7385554425

 

5859613428

Ῑ3987792472

3825025432

 

VERWANDLUNG GEMEINER BRt‘JcHE IN DECIMALBRUCHE.

3347064881
2564366632
6395468589
1853759011
6189495365
3388259526
0257466529
5581874356
7415036045
4757981462
3553038105

4047373841 4006179196 7044284243

 

5653964984 5520082389

3377960865
0834191555
3285272914
6024716786
2615859938

3511843460
3336766220

3141091658
4098867147
0463439752

1029866117 .. ..

 

4288638689
1381780962
7891504605
3735926305
0225179119
6397134083
7645854657
7666325486
7338792221
2579324462

8730808597
0307062436

8669396110
1289662231
9365404298
0153531218
754350051Ι
9303991811
1136131013
1821903787
0849539406
6407369498
7482088024
0286591606

5087003033 ..

9654120040
1709053916
4496439471

7782299084
1546286876

8830111902
9898270600
5208545269
1322482197
2288911495
2807731434
0244150559
3499491353

6917599186
5818921668

0071210579
4354018311
9074262461
3397761953
2034587995
5829094608
3550556052
4221770091
3845371312

0875386199
0978372811
5211122554
8177136972
2080329557
3501544799
3913491246
0844490216
2708547888
8321318228

5424769703
3203684749
8741044012
0143295803
7707267144
6683725690
3060388945
1033776867
3459570112
4646878198

5649948822
9600818833

1648016276
3621566632
8575788402
2919633774
8514750762
2044760935

9308240081

3418107833
8992878942

5564598168

3092573753

5116988809 7660223804

0010172939 . .

 

 

0484037075

2893923789 9073120494

7940267765
5345005149
0679711637
1936148300
1575695159
1761071060
1380020597
2718846549

7744593202
6302780638

1729785056
2323439099
2824974411
4800409416
3193449334
8904810644
7523029682
9631525076
5895598771
5670419651
9273285568
1627430910

7039674465
7568667344
8484231943
1607324516
9704984740
9104781281
3835198372
1637843336
0142421159
8708036622
8148524923

1802265705

1905252317
3305870236
4871266735
7209062821
6292481977
7621009268
3223480947
9485066941
8836251287

. 5169927909

2947799385
2835209825
4636642784
5813715455
6980552712
8311156601
7021494370
7656090071
7502558853
9959058341
0655066530
9518935516

9206510681
8626653102
0315361159
7853509664
5900305188
7904374364
3296032553
7243133265
7151576805
5839267548
7029501525

6795523906 4089521871

4582904222
3357363542
1987641606
8692070030
3244078269
8331616889
3429454170
7950566426
4768280123
2976313079
3326467559
3717816683

8751279426
9979529178
0327533265
4759467758
3848515864
8423746161

5220061412

6479017400
6335721596
8628454452
1944728761
8884339815

5869786368
7466937945
3692777212
2929806714
1993896236
1912512716
4079348931
5137334689
6968463886
3214649033
9409969481

8209562563 5808748728

,, ,

5Ε)

⁴433

ἢ

4510813594
7394438722
5911431513
8959835221
8249227600
8043254376
9577754891
3645726055
ffiwfflss·
2996910401
2173017507
8311019567

                 
                                   
         

 

                 
           
             
             
     
 

8167860798
9314227226
0972364380
4442169907
8925281473
7195496417
4872057318
2047082906
7246673490
4053224155
5148413510
7625383828

          
                 
         
         
         
        

2604272634

     

0661241098

6144455747 φ
1403865717
0122075279
1749745676
8413021363
7253306205 Ι
0630722278 j
5707019328
1800610376

              
       
      
  

  

     

 

  

    

