⁴463

 

 

 

 

Gentass 93. 17 9711
(}.I. ..(6)..(524) 18 9715·
39 9739- 9723·
9787 9782
89 9767 19 9773
105 9743 20 9714·
119 9791 979Ξ
3 6³1³1<⁹235⁹<164⁶> ²¹ 3330:
l 17 9703 9776·
1 18 9748(*3 ) 9774
ff · 9783 22 9725.
J 19 9727 9756
g 21 9733 24 9728
7 22 9742 26 9794
24 9763 27 9704-
25 9781 9726
26 9769. 28 9716.
9778 9734
27 9747(*3*) 29 9761
9751 30 9746
30 9755 33 9740
33 9799 36 9779
35 9754 38 9701
37 9788 (}.17111(24)·(1752)
39 9767. 5 9717·
9771 973Ο
43 9722 6 9760.
46 9721. 9790
9759 7 9724·
48 9731 9752
76 9764 8 9702(*2*y
ξ 81 9749 9729·
Θ. IV (43)- (3292) 9735-
Ι 7 9718 9758·
9 9772 9786-
10 9732. 9792(*2*){
9793 9 97²5· 3
11 9738. 9709·
9753 9720(*3*)
12 9706. 10 9741·
9745· 9750·
9762 9798
¹ 13 9712- 11 9737-
14 9757, 12 9800
9775. 14 9789
9784 15 9776-
15 97⁶⁶· 9785
9777· G· XV1(3) · ·(192)
9795 ¹ 4 9744
16 9736. 97⁶5·
9797& 9788
5 Summa 466. ,74061
l'rreg.5

 

    

DETERMINANTES NEGATIVI.

 

 

 

Centas 99. 9314,
(Ξ 1...(8).(638) 9848
49 9871 17 9853·
51 9883 9893-
63 9811(*3*). 9897
9859 18 9861(*3*7
75 9887 9844-
91 9839 9873-
111 9803 9891
Εξῆἰ..ῗξξῗ.(1700) 19 3873.
20 9892 21 9855
21 9829. 22 9841
9862. 25 9830
9868 26 9812.
22 9847 9876
24 9817- 27 9831
9874 28 9881(*2*)1
26 9838 31 9884
28 9886. 32 9809(*2*)
9895 34 9834
36 9857 37 9854
34 9836 39 9896
42 9837 9869
45 9899(*3 *) G.V111(24). (1712)
48 9863 5 9877
49 9818 6 9804.
51 9819 9810.
52 9833 9828.
57 9836 9867.
³ 60 9875 9888.
70 9806 9900
, 77 9866 7 9865-
¹(}.15J.(43).(3164) 9858.
6 9823 9885
7 9802 8 9816.
8 9865 9856.
9 9832. 9860
9843- 9 9835<*3*7
9853- 9849(*3*7
9898 9889
10 9808. 10 982L
9837. 9834
9850 11 9894
11 9813 12 9861.
12 9872. 9864
9835 13 9843
13 9846 16 9845
14 9820. 17 9890
9878 G.XVI(3)..(192}!
15 9822. 3 9870
9882 4 9880
16 9807. 5 9840
Sunnna 464. 7406
Irreg. 7

 

 

ἶ)

Centas100. 992L
C} I ...(4)..(228) 9969.
39 9967 9978
45 9967<*3*) 16 9961-
69 9931 9985
75 9933 17 9919·
(}.11.(28).(2302) 9965
16 9991 18 9910.
18 9934(*3*) 9915-
33 9927· 9964
9973 19 9951-
35 9949 9957-
27 9963(*3*) 9977
28 9903, 20 9992
9943 21 9909
30 9938. 22 9953-
9979 9956-
31 9901 9962.
33 9986 9999
34 9998 33 9917·
38 9968 9994
39 9914· 35 9981
9987 36 9924
42 9939- 27 9989
9947 38 9936.
46 9983 9986
47 9935· 30 9932·
9946 9956
50 9902 34 9911
60 9995 (}.VIII(18).(1328)
63 9971 4 9983
65 9959 5 9976
67 9941 6 9928.
76 9939 9946-
85 9974 9990
G.IV ,(46) ,(3248) 7 9906
7 9937 8 9936·
9 9925- 9975-
9958- 9984
9997 10 9918
10 9913. 11 9968
9942. 12 99ῦῇ-
9948. 9922
10000 9936-
11 9970 9954-
12 9916. 9996
9922. 13 9966
9952· 14 9944
9955(*2*). G.XVI(4)..<24 ¹
Ι 9972(*2*) 3 9933
5 13 9993 4 9912·
2 14 9988 9945
15 9964 W ⁴ -ῃ- *-‚„92§3-„—-
Sunnna 452.
{Ineg.5

