 

Determinantes ¹ Determmantes
negativi. posmvl.
in Cent.(2uoffiens Centas 1.
1 max· 1›271998 ΘΧ det· 89 Excidunt determinan-
nfln·‘Q2626128 58 tes quadrati 10.
2 Ι,435917 Ι94
0‚2349782 163 (}.I . . . . (12)
22 1‚685723 2141 1 2. 5. 13.
0‚2808228 2143 17. 29. 41.
23 1‚645848 2246 53. 61. 73.
0‚2923654 2293 89. 97
24 1,479278 2369 3 37
0‚2897240 2335 .
27 1‚6445315 2609 ὶ (}.II . . .. (51)
0,2895883 2683 ἕ 1 3. 6. 7
28 1‚5527075 2789 8. 10. 11.
0‚3030216 2788 12. 14. 18.
29 1,5778996 2834 Ι 19. 20. 21.
0,2974718 2893 22. 23. 26.
30 1,604748 2939 27. 28. 31.
0‚2936893 2968 32. 33. 38.
91 1‚684117 9026 43. 44. 45.
0‚2835515 9067 46- 47· 50-
92 1‚586777 9176 52· 54· 57·
0‚2717044 9157 , 58· 59· 62·
93 1‚660820 9281 ἕ 65· 67. 68.
22699414 9277 , 69· 71· 74·
94 1‚518533 9371 76- 77- 83·
0,2893063 9367 ξ 85. 86. 92.
95 1,729662 9434 ξ 93- 94· 98-
23287980 9472 2 34· 82
96 1‚689400 9539 ⁴ 3 79
0‚3269906 9577
97 1,707014 9686 Ι (ἱ.ΙῖῙ . . . (27)
0fi440986 96671 1 15 24.30.
99 1,650848 9869 “ 35. 39. 40.
0,2420048 9823 * 42. 48. 51.
100 1,702214 9974 ἔ 55. 56. 60.
0,2808862 9937 63. 66. 70.
117 1‚6654535 11681 ¹ 72· 75- 78·
0,2964744 11650 · 80. 84. 87.
118 1,810938 11714 88. 90. 91.
0‚294621 11797 95· 96- 99
119 1,579112 11864
0‚2846194 11863
120 1‚5326965 11921 ῃ
23287433 11992 ’

DETERMINANTES NEGATIVI, POSITIVI.

 

 

Centas 2.

Excidunt 4.

G.I....(11)

1 109.
137.

173.
3 101.

113.
149.
181.

197

G.11. . . .(41)

1 103.
108.
118.
127.
131.
139.
153.
162.
166.

174.
185.

Ι99

2 145.
Ι94
3 141.

106.
116.
122.

128.

133.
142.
158.
163.
167.
177.
188.

146.

148.

G. 1v . . . (40)

1 102.
110.
114.
123.
132.
138.
147.
155.
160.
171.
180.
184.
190.

200

104.
111.
115.
126.
135.
140.
152.
156.
165.
175.
182.
186.

192.

··(4)

. 150.

125.
157.

193

107.
117.
124.
129.
134.
151.
161.
164.
172.
179.
191.

178.

189

105.
112.
119.
130.
136.
143.
154.
159.
170.
176.
183.
187.
198.

168.

Centas 3.

(Ξ. Ι

1 233.
281.

3 229.
(}.11

1 201.
211.
214.
229.
239.
244.
250.
261.
265.
278.
292.
2 205.
3 223.
291

1 203.
215.

228.

234.

247.

258.

266.

272.

276.

285.

290.

296.

2 219.
288

3 235

Gr. VIII

1 ⁴10.

255. 2

241.

293
257.

202.
212.
217.
236.
242.
245.
251.
262.
268.
283.
297·
221.
226.

204.
216.
230.
238.
248.
259.
267.
273.
279.
286.
294.
299.
220.

231.

277.

269

206.
213.
218.
237.
243.
249.
253.
263.
271.
284.

298
274

254.

207.
222.
232.
246.
252.
260.
270.
275.
282.
287.
295.

300

224.

240.
. 280

475

 

