461

     

Ἣὴ

 
        

            
      
          
      
              
    

      
        
  
      
      
   
    

 

    
   

    
       
     
    
   
     

  
     
    
    

  
     
  
  

 

 

 
  

 

 

 

Ι DETERMINANTES NEGATIVI.
,ᾖ ψ--ᾑῇ--Ἢ--ξ
Centas 92. 9136· Centas 93. 14 9217, Centas 94. 9316(*2*)
G.1...(5)..(295) 9195· G-I-·-(4)··(340) 9336· G-1····(6)-·-(478) 17 9303
51 9199 9196 - 33 9383 9353 41 9319 18 9315(*3*).
57 9103· 17 9¹53 75 9227 15 9212· 5Ι 9343 9357-
9127 18 9154 93 9203 9359· 55 9391 9363·
63 9187 19 9146 139 9239 9276 87 9323 9376·
67 9151 20 9169 G.l[..(27).(2092) 16 9214(*2*). 97 9311 9385(**,3)
G. Π . . (30). (2208) 21 9126. 13 9277 9216. 147 9371 9396
13 9157 9197 17 9223 9248(*2*).G.II..(27).(1894) 9398
14 9172 22 9138. 18 9241. 9252 15 9307. 21 9334
19 9133 9189 9398 17 9254 9388 9368.
20 9124. 24 9113. 21 9235 18 9234 18 9355 9392
9133 9159 25 9293 21 9201· 21 9397 22 9305.
21 9115 25 9101. 27 9211. 9229. 23 9382 9317.
23 9181 9135 9347 9361 35 9375 23 9365
27 9109. 27 9164. 29 9244 22 9233. 26 9337 24 9308.
9123· 28 9116 30 937Ι 9245 27 9349 9399
9167. 30 9140 31 9263 24 9275. , 28 9327 27 9369„ Ι
9175 31 9191 33 9367 9391 30 9346· 9374.
28 9137 32 9104(*2*) 35 9379 35 9231· 9358· 30 9386 l
29 9148 33 9149 36 9359 9394 9363· 33 9344( 2)
30 9¹47 9110 37 9274 26 9218. 9364 33 9329
32 9111 G.VHI(26). (1752) 39 9242. 9290 32 9377 9389
34 9122. 4 9108 9286. 27 9260(*3*) 34 9326. G. VIII (25). (1752)
9166 5 9102. 9287 29 9215 9332 4 9310.
36 9143 9169 49 9378 30 9284 36 9347- 9328.
39 9107. 6 9112. 45 9251(*3‘⁸) 32 9224 9379, 9373
9171 9139· 49 9221 36 9366(*3*) 9395 5 9333
40 9188 9145. 54 9209 G.VHI(20).(1440) 41 9302 6 9352
47 9173 9159 69 9357, 6 9395- 46 9351 7 9331·
54 9134. 7 9174 63 9396 9313· 49 9335 9361
9155 8 9135. 66 9236 9265. 51 9383 9381
56 9182 9144· 75 9399 9270· 52 9359 8 9312(**2)·
57 9179 9156. 80 9281 9288. 56 9314 9348.
69 9131 9168· G. IV· 9(47) ·(3316) 9399 57 9356 9373·
62 9119 9184. 7 9262 7 9256 69 9341 9393.
63 9194 9192. 8 9202. 8 9222. G.IV.(39).(2848) 9394.
9161 9198 9208· 92 25- 7 9340- 9400
G 72-IV (36) (3653) 9 9195· 9333 9273 9367 9 9399
7 9178 9114. 10 9238. 9280(*2 2*).Ι 9 9342(*3*). 10 9330. Ι
Ι 8 9118(2*)· 9189· 9389 9385 9379 9338· l
, 9193 9185. 11 9237. 9 9272 11 9304. 9366
ι 9 9132, 9200 9258 10 9210 9322 11 9306.
q 9139, 10 9128. 12 9207. 11 9230 12 9378. 9309. 3
Ι 9162. 9152 9219. 12 9204. 9387 9336
9163(*3*) 11 9129. 9220(*2*). 9264 13 9313. 12 9324
¹ 10 9190 9170 9228. 14 9269. 9318 14 9350.
9121· 12 9141 9243(*2*)· 9396 14 9353- 9389
9143· 19 9176 9368- 15 9346 9394 13 9320
9153. G. XVI (3) . .(176) 9292. G.XV1.(1). . (48) 15 9325. G.XV1 . (3). ,(176)
9186 3 9177 9359· 9397 3 9383 , 9331- 3 9384
13 9117 4 9120- 13 9349· G.XXX11(1).(64) 9339 4 9345-
15 9106. 9165 μ 9255 2 9240 16 9301. 9360 ξ
Ι Summa 465...7083 Summa 454...7200 Summa 464...7148 '
I1reg.3 Impr. 1207sslrreg. 9 Imgr. 1145 Irreg. 6 Impr. 1210

 

 

     

 

 

11. ’ 6 6

