      

 

3 NACHLASS. QUADRATORUM MYRIAS PRIMA.

 

 

 

110201„0¹40250360¹70:80390114113213313413513613713813911

3
3

 

 

 

 

 

40ι 80’ 20Ἰ 60 25200 40 80 20’ 60 400 ¹¹ 12543 94 34¹ 74 14 54350694 34 74 400
, 4 ³⁴ ἐξ 13 {²⁴⁹3} 2331 ⁷33¹ 3 ⁵373} ⁴3 ξ’ ²4 ⁶373? 56333541
1 3 16 ἓὸ {8 84, 30 76 49322¹ 68812134 223¹ {1¹4⁵07 {3169393 Ξ«’5’374ζ1’ 37 83’ 3 2912}
1 4 1048 4096, 44'16192‘ 40 362 88} 36ἱ 64384 32 576’ 63 11 59 170071 55 37503 5Ῑ 65999‘ 47 376
5 50 4100’ 5016200, 50 36300 50 ,6440οι 50 625’ 65 15 65 15, 65 15 65 66015¹ 65 625
2 6 52, 04 56, 08 60 12} 641 16 68 676 67 19 71 233 75 27 79 31 83, 83 876
’1 7 54’ 08, 62, 16, 70 24¹ 78 32 81486 729 70 24 78 32 86 40 50794 48 83302 129

00 1000 4000 900 0 16000 25000 36000 49000 64000“1,181000 000 , 1210 ’4410,,19610116810 26010 37210 50410 65610 82810 OOC ¹
¹ 1 02 04 06 08 10 12¹¹ 14¹ 16¹ 18 001 12,14116 18 20 22 24 26 28 201
2 04 08 12 16⁴ 20 241 28, 32 36 004 ¹ 14¹ 18¹ 22 26 30 34 38 42, 46 404
3 3 06 12 18, 24, 30 36 4²3 48 54 009 '3 16, 22 28 34 40 46 52 58] 64 609
1 4 08 16Ὶ 24¹ 32} 40 48¹ 56 64, 72 016 ’ 181 26 34 42 50 58 66 74¹82882 816
, 5 10, ω’ 301 40} 50 60, 70’ 80181090 025 ’1 211 31 41 51 61 71 81 6569182901 025
3 f, 12 24 36¹ 48} 60 72 84¹ ‹54096¹ 81108 036 33 23¹ 35 47 591 71 83 50495 657071 19 236
7 14 28, 42 56 70 84 49098 64112 26 049 ¹ 251 39 53 67 81 37295 50509 23¹ 37 449
, 8 16 32’ 48ῑ 64¹ 80 36096 49112 28 44 064 ’1 271 431 59 75 26091 37307 23 391 55 664
09 18 36 54 72 25090 36108 26 44 62 081 ,, 291 47 65 83 26101 19 37 55. 73 831
¹ 10 ,0 40’ 60¹ 80¹ 25100 20¹ 40, 60 80 100 321 52 72 16892 12 32 52 72 82992 100
1 22¹ 44” 661 88 10 321 54 76¹ 81198 121 ’1 341 56 78 16900 22 44 66 6578883010 321
, 2 24 48 72 160961 20 44¹ 68 ,64192 81216 144, 36· 60 84 08 32 56 80 65804Ι 28 544
3 262 52¹ 78¹16104 30 56 82 6¹420ss 34 169 ’ 38¹¹ 64; 90 16 42 6850594 20 46 769
4 28 56¹ 84, 12 40 68 49196 24 52 196 40’ 68 9696 24 52 80 50608 36 64 996
5 30’ 60’ 90¹ 20 50 80¹49210¹ 40¹ 70 225 ¹¹ 43¹ 739703 33 63 37393 23 5383083 225 1
6 32’ 64 90961 28 6036192124 56 81288 256 45 77 09 41 73 37405 37 6983101 456
7 34¹ 689102 36 70 362041 38 72 81306 289 47 811 15 49 83 17 51 65885, 19 689 ¹
8 36· 72 083 44 80 6Ι 52 ’64288 24 3241 491 85 21 57 26193 29 65 65901 37 924
19 38, 76 14’ 52 25190 28} 66 64304 42 361,“ 521 90 28 66 26204 42 80 18: 56 161
0 ‹ 3
1 2

 

 

 

 

 

 

 

8 56 12 68Ξ 24 80 36 49392¹ 482 81504 784 72 28 84 40 ,26296 52 50808 64¹ 20 384 3
29 58 16 74¹¹ 32225290 48 49406 64 22 841 ’1 74 32- 90 48 ’26306 64 22 80¹ 38 641
30 60¹ 20¹ 80, 40¹25300 60}¹ 20¹ 80 40 900} 76 36 9796 56. 16 76 36 66096, 56 900 ’

1 62' 24} 86¹ 48} 10 723¹ 34 644961 58 961 ,, 79 41 9803 65 27 37589 51 66113175 161

2 65, 292 934571 21 85 49 ⁶45133 77 0243 , 81 45 09 73 37 37601 65 29 ’83393 424

3 675 33 ’9199’ 653 31 36397 ⁶33 29 81595 089 1 83 49 15 81 47 13 79 45 ’83411 689

4 697 37 9105,1 73 4136409, 77 45 81613 156 85 53 21 89< 57 25 50893 ⁶1} 29 956 1

5 71¹ 411 11 811 51 21¹49491¹ 61 31 225¹ 88 58 28 17098¹ 68 38 50908 78 48 225

6 73¹ 45! 17 89¹ 61 33 ¹49505¹ 77! 49 296 ¹ 90 62 3417106 78 50 22 66194¹ 66 496

75¹ 49 233162973 71 45 1964593· 673693 93 66 40¹ 14 88 62 361

 

 

 

 

 

 

 

 

 

 

 

 

 

7 66210 ,83484 769

8 77, 533 29316305? 81 571 33 64609 81685 444¹ 95 71 47 23 26399 75 51 27 '83503 044

39 79¹ 571 35 13 25391 69Ξ 47 25381703 5213 1297 75 53 31¹26409 87 65 43 21 321

40 3¹¹ ⁶¹¹ 4¹3 21 25401 81¹ 611 41¹ 21 600 ’1299 79 59¹ 39 19 37699 79 59’. 39 600

¹ 83¹, 651 47³ 29¹ 11364931 75¹ 571 39 681 ¹1 1301 83 65 47³ 29 37711 50993 751 57 881

2 851 69¹ 53¹ 37³ 21 36505 ’49589 73 57 764¹ 04· 88 721 56¹ 40 24 51008 66191176 164

3 87¹ 731 59 451 31 17 49603 ’64689’ 75 8491 06 92 78' 64 50 36 22 66308,83594 449

, 4 891 77} 65 53ξ 41 19,17,64705;81793 936 ,, 08,4596 84 72 60 48 36 24383612 736

5 92¹ 82, 72 62’ 52 42¹ 32¹ 22¹81812 0251 114601 91¹ 81 71 61 51 41 31025

1 6 941 86] 78 70 62 54¹ 46¹ 38 30 116 , 13¹ 05 9897 89 81 73 65 571 49 316

ἕ 7 961 90 84 78· 72 66. ⁶0¹ 543 48 20911151 09-9903,17197 26491 85 73 67 609
³ 8 1098194” 90 86 82 78’ 741 70“ 66 304,1171 13 09117205 26501 37797 51093¹66389 83685 904 ,

’94 1100 2441989296516394 25492 36590 49688 64786 81884 401¹ 1320 ’46189916 17214 26512 37810 51108 ’66406 837 04 201

 

 

