440

Γ NACHLASS. ξ

 

 

 

 

 

 

 

 

 

 

 

 

 

 

 

 

 

 

 

 

 

 

 

 

 

 

 

1800000 . . . 1900000 Ι 2000000 . . . 2100000
*281 182 183 184 185 186 187 188 189 190 g ζ ⁵ 201 202 203 204 205 206 207 208 209 210 5
0 ’ Ι 0
1 1 2 Ι 3
2 1 1 2 1 3 10 2 „ 2 1 2 2 1 10
3 ’ 3 2 1 5 1 1 1 2 3 3 22 34 3 3 5 2 2 3 4 5 2 3 32
4 6 5 10 12 7 6 5 5 8 7 , 71 4 7 8 9 4 8 5 6 7 9 6 69
5 14 15 10 11 11 12 19 17 12 14 ᾖ 135 5 13 10 9 15 13 10 12 13 9 15 119
6 13 20 14 15 1 19 16 19 23 15 ’ 175 6 25 20 13 16 26 23 25 14 17 18 197
7 , 25 26 18 17 1 21 20 22 19 17 J 206 7 10 2 23 25 13 23 18 23 25 22 204
8 = 15 19 13 18 2 15 19 15 11 14 161 8 13 17 15 22 12 13 12 16 18 19 157
9 ’ 10 7 19 13 9 8 10 12 10 15 113 9 16 15 11 4 11 12 11 14 11 10 115
10 9 4 8 6 6 13 4 6 8 10 74 10 10 2 8 6 11 7 7 3 3 6 63
11 ’ 2 4 3 5 2 5 2 ἕ 23 11 , 2 1 5 3 1 3 3 3 21
12 2 1 1 2 2 1 1 10 12 ἱ 2 1 2 2 1 8
13 13 Ι 1 1 2
14 ; 2 ,
7οζ ‘672—71‘3‘674 700 707 703 689 697 691 6955 ς 705 691 693 690 671 696 694 674 686 674 1 687ξ
dm = 6929,73917 s dx = 6880,780
logx ι logae
1900200 . . . 2000000 2100000 . . . 2200000
= 191 192 193 194 195 196 197 198 199 200 ’ Α, 211 212 213 214 215 216 217 218 219 220 ξ
0 ¹ 0 '
1 'j 1 1 1 1 1 2
2 1 1 2 1 5 2 1 1 1 1 1 1 1 2 ᾗ 9
3 4 3 1 2 10 1 3 4 4 2 34 3 5 3 3 1 4 2 3 2 4 27
4i 5 4 4 6 4 9 7 10 11 7 67 4 7 7 13 13 5 3 9 6 9 8 69
5 12 18 15 18 11 12 11 16 11 12 136 4 5 12 14 20 16 16 12 17 13 12 14 146
6 ᾖ 19 20 18 16 17 24 20 20 18 10 182 6 12 20 17 14 16 25 16 23 21 19 183
7 '³ 21 20 23 27 20 16 25 17 21 31 221 7 19 14 18 23 26 22 18 22 22 17 201
8 16 10 16 14 14 18 17 15 8 20 148 8 22 21 20 20 12 16 20 10 12 15 { 168
9 15 14 8 8 9 12 8 8 15 6 103 9 12 10 8 7 9 10 7 13 16 17 ”’ 109
10 5 6 8 6 11 4 5 5 6 6 62 10 6 5 6 2 7 7 8- 5 2 4 52
11 ff 2 4 6 2 3 2 1 3 2 5 30 11 3 2 3 1 4 2 1 2 18
12 ¹ 1 1 2 1 5 ¹ 12 1 1 1 1 1 2 2 “ 9
13 1 1 1 3 13 3 1 1 1 1 4
14 1 1 J 1 13 = 14'2 1 2 Ι 3
W 3689697 711 683 692 685 673 670 688 714 6902 ,ἲ mn>[⁷699 683 697 673 693 71ῖ666 691 679 664 j 6857
dx ¹ dx
ε 6904,54424 ——-— Ξ 6858,292
logx '1 ‚ loga:

 

 

