460

 

NACHLASS. ——¹

 

 

 

 

 

 

 

 

 

 

 

; Centas 62. 6181 Centas 63. 14 5223· Centas 91. 9051·
j .(5)..(265) 14 6145- G-I· ··(7) ··(447) 6245- G· Ι.. - (6)·-(386) 9963
² G313 6163 6174. 43 6247 6260. ¹ 27 9067 17 9002.
39 6199 6185 45 6211 6276 35 9007 9057.
41 6143 15 6102. 51 6203. 15 6214. 45 9043 9070
59 6151 6109, 6271. 6234. , 63 9091 18 9012.
93 6131 6125. 6287 6249 99 9011 9015.
’ G. Π . . (28) . (1704) 6126. 77 6263 16 6231, 117 9059 9069(*).. ¹
¹ 11 61;7 6129, 129 6299 6233. Gr. ΙΙ. .(26).(1960) 9075 (“*3*) f
14 6103 6171 G.11. ,(28) ,(1678) 6244 15 9013 19 9053. ι
15 6115, 16 6144. 12 6238. 6272 (*4 *) 18 9003(*3*). 9095 ¹
6147 6189 6295 17 62 294 9655 20 9039- ·
16 6178 17 6128. 15 6259, 18 6226 (*3*). 19 9034 9054.
13 6183, 6184 6268 6251 21 9004, 9062.
6187, 18 6111. 16 6217 19 6281. 9046 9081
6196 6135. 18 6267(*3). 6289 26 9079 21 9036
19 6171, 6156(*3*). 6283(*3*) 20 6261 27 9031. 22 9084
21 6133 6164 20 6223. 21 6266 9094 27 9008.
22 6121 19 6140 6241. 22 6224 29 9098 9050.
27 6122 20 6114. 6274 23 6278 30 9001. 9074 ¹
29 6166 6137. 23 6218. 24 6209. 9076 28 9089
30 6139 6161. 6277 6215 33 9068 30 9005.
33 6124. 6176. 25 6207. 25 6206 36 9049. 9035.
6167 , 6186 6250 27 62 296 9083 9056.
34 6113 22 6152. 27 6227(*3 *) 6254 40 9023 9077
35 6134, 6194 29 6229 G. V111(23). (1176) 42 9041 G. VIII(23). (1640)
6197 25 6170 30 6212. 3 6232 44 9047 5 9010
¹ 37 6173 28 6146 6219 4 6273 45 9019(*3*) 6 9040.
¹ 40 6159 G X 111(2 0). (12 200) 33 6243 5 6205. 46 9038 9042.
3 41 6119 4 6118 36 6242 6213. 48 9092 9045.
1: 42 6155. 5 6136- ¹ 38 6257 6258- 54 9999(*3*) 9072-
2 6158 6153. 42 6275 6280. 57 9029 9085.
¹ 45 6107 6162. ¹ 45 6239. 6285 69 9014. 9100
¹ 49 6191 6168 Ι 6291(*3 *) 6 6210. 9071 7 9078.
53 6101 6 6132. ¹ 51 6236. 6222· 80 9026 9080.
¹ 60 6179 6138. 6284 6225. G. IV ,(42) ,(2928) 9090,
G. IV . (44) . (2568) 6150. 57 6269 6237. 8 9087. 9093
6 6157 6165. 63 6221(*3*) 6288. 9088 8 9016(* 2¹⁶)-
7 6108. 6177. G. IV . (39) . (2428) 6290. 9 9022. 9024.
6142, 6180. 6 6220. 6300 9037. 9060
6193 6192. ¹ 6262 7 6248. 9073. 9 9061.
8 6112. 6195 ¹' 7 6253 6256· 9097 9074
6148 7 6141 ¹ 8 6202. 6265. 10 9025 . 10 9020
9 6130, 9 6188 ¹ 6208(*2*) 6279. 9058 11 9006 ¹
6154, 10 6110 ¹ 9 6235. 6293 11 9052 12 9021. ¹
6175 12 6104. 6252. 8 6204 12 9018. · 9065
¹ 10 6106. 6 200 6297 9 6264 9027. 14 9096 ,
a 6117, 13 6116 10 6246. 10 62 201 9028 17 9086
6169, 6149 6292 11 6230 13 9082 18 9044
6198 G. XVI (3). ,(128) 11 6298 G. XV(I3 .7(1 6) 14 9017. G.XVI(3)..(176) ¹
11 6182. 2 6160 12 6255 3 (63216 9032. 3 9030.
Ι 6190 3 6105. 6286 (*2 *) 4 6240. 9066 9048 ¹
¹ 12 6123 ¹*2*)‚ 6120 13 6282 6270 15 9033. 5 9009 ¹
ἑ
¹
¹

 

 

vSummzi 445- 5865 Summa 451· ·59ο5 Ἧφηοῳ ¹
Irreg.2 Impr. 9751rreg. 9 Irreg.6 *Impxn 1122

 

