 

 

853

 

 

857

 

 

859’

863

 

 

1189060642

4934601664
7978596908

6611177170

3436385255
0760998810
7158145065
ΙῚ6706302021
Ι1831153388
6599286563
4887039239
ΙΙ72332942
5193434935
9706916764
1166861143
0595099183
1003500583
0711785297
8063010501
12812135355
5134189031
0618436406
2415402567
1131855309
,3477246207
1164144353
1158748551
2641946697
9223638470
ἰ3429895712
’0220162224
4101969872
Ξ6952491309
ξ5851680185
ἷ5341830822
0579374275
1320973348

 

0927467300
6848989298
4423305588
0356718192
6480380499
9393579072
3983353151
4030915576
8228299643
6147443519

 

8323424494
4542211652
5850178359
6278240190
4054696789
5326991676
0107015457
6944114149
2818073721
6195005945

0011890606 . ..

5538838i47
5216881594
3610785463
5239206534
1971995332
4305717619
5495915985
7502917152
8926487747
5052508751
0676779463
0945157526
2182030338
7012835472
8998835855
5643105446
5666280417
4519119351
6303592120
7972190034
5376593279
3858632676
3997682502
7114716106
7821552723
7833140208

7139507620
3728018757
0715123094
4224037339
5554259043

6032672112

9976662777
8588098016
9579929988
4585764294
2438739789
2543757292
3897316219
5787631271

6492271105
7942925089
0963139120
2497027348
5362663495
5755053507
7883472057
8216409036
7598097502
3032104637

1641266119
3270808909
9539683470
5565927654
1738623103
0186697782
1295215869
3360560093
3313885647
0490081680
9649941656
8821470245
3698949824
8786464410

6461001164 . ..

1181923522
1494785631
1008111239
5098493626
7624565469
2584009269
7091541135
8968713789
6048667439
0590961761
5747392815

5955967555
5179606025

8609501738
8829663962
2931633835
9884125144
5735805330
1077636152
1657010438

2977983777
7589803012

8263971462
1795481569
0951248513

3947681331
8382877526

7288941736
0749108204
8608799048
9726516052
3365041617

5779601406
7303634232
1055099648
6091015169
8506417736
9638273045
3115519253
3488914819
6079346557
2800466744
9428238039
0408401400
9708284714
7351225204

0405561993
4924681344
1228273464
9200463499
4577056778
8435689455
2433371958
9548088064
7369640787
5202780996
7462340672

VERWANDLUNG GEMEmER BRUCHE IN DECIMALBRUCHE.

5445897740
5600475624
6741973840
7479191438
7538644470
0285374554
5184304399
7514863258
3186682520
1224732461

7995310668
1219226260

7847800237
2568370986
6658739595
7633769322
8680142687

1022592152

5243757431

0261593341
8085612366

3555291319

2297772567
2579132473

3001172332 . .. .

1948658109
2893815635
5075845974
2088681446
1365227537
7596266044
4574095682
6732788798
2333722287
1190198366

6849474912
9393232205
3290548424
9078179696
9229871645
3407234539
6137689614
1330221703
0478413068
3943990665

2007001166 . . .

0475086906
1483198146
6581691772
4206257242
6790266512
3881807647
2850521436
8899188876
9490150637
5237543453

1413673232
0023174971
8852838933
1784472769
1668597914
7404403244
8482039397
0139049826

3117033603
0706836616

4542294322
0741599073 0011587485 . .. .

   

 

8121284185
9203329369
7193816884
235434007Ι
2770511296
1997621878
6290130796
2604042806
2306777645
8573127229

4091441969
6225087924

4854142357
3675612602
7374562427
6161026837
2742123687
0898483080
9358226371
6172695449
8448074679
1108518086

9084588644
0312862108
9513325608
4090382387
2526071842
4959443800
4507531865
1877172653
7079953650

    
   

