467

DETERMINANTES NEGATIVI.

 

 

 

 

 

 

 

Bsslhag III, 2419. 2468. 2479. 2587. 28 2066. 2129. 2279. 2495.
G· 1 ...... (54) ’’’’’ (2470) 2593. 2611. 2689. 2692. 2564 .......... 5
13 2143 ··········· Ι 2713. 2827. 2947. 2953. 29 2231. 2741 ....... 2
15 2203· 2347· 2647· 2633 · . 4 2995 ........... 21 30 2036. 2081. 2126. 2159.
21 2011. 2083. 2179. 2251. ¹3 ²¹0²· ²197· ²²¹8· ²36²· ²393· 2483· 2‘’03· 2605·
2457' 2503· 2707. 2767- · 8 2367. 2428. 2524. 2762. 2708. 2801. 2855. 2978.
23 2671 ··········· Ι 2809. 2823. 2839. 2854. 2987 .......... 13
25 2887 ,,,,,,,,,,, 1 2908 ........... 13 31 2471. 2621. 2735. 2876. . 4
27 2003· 2187& 2803 ⁸ . · - 3 14 2007. 2018. 2127. 2258. 32 2084. 2174. 2276. 2306.
29 , 2237· 2311. 2333 ..... 3 2359. 2401. 2446. 2455. 2519. 2558 ....... 6 ²
31 2927 ··········· Ι 2612. 2734. 2753. 2932. . 12 33 2309. 2435. 2636. 2861.
, 33 2027· 2257· 2423· 2539· 15 2043. 2071. 2092. 2151. 2906 . . . . . .’ . . . . 5
2731· 2351· 2971 ..... 7 2191. 2237. 2269. 2284. 34 2804. 2831. 2894 . . . . 3 ¹
35 2037. 2239· 2543 ····· 3 2299. 2303. 2319. 2341. 35 2549. 2909 ....... 2
37 2447 ··········· Ι 2363. 2476. 2523. 2575. 36 2219 (*3*). 2846 . . . . 2
’ 39 2131· 2297. 2371. 2659· 2578. 2599. 2602. 2643. 38 2441 .......... 1
2791· 2963 ········ 5 2727. 2732. 2764. 2875. 39 2141. 2246. 2474. 2651. ,
, 41 2551. 2719 ········ 2 2883. 2899. 2956. 2986. . 28 2771 .......... 5
43 2553 ·········· Ι 16 2048. 2153. 2194. 2206. 40 2729 .......... 1
45 2039, 2963ι 2243*· 25‘99212 23'86. 2434. 2462. 2521. 41 2789 .......... 1
2843 ο 5 2617. 2633. 2657. 2833 . . 12 42 2609 .......... 1
49 2111 '⁸ ἱ ’ “ ” ‘ ⁸ ' ” 1 17 2026. 2029. 2103. 2119. 43 2966 .......... 1
51 2531. 2687' .‘ .’ 1 ἶ . 1 ’. . 2¹ 2234· 2333· 2389· 2391· *W
53 2711 ........... 1 ²453‘ ²9¹8 ······· 10
57 2099· 2339· 2459· 2591· 18 2155. 2161. 2199. 2228.
2379 ........... 5 2417. 2491. 2511. 2547. G. IV . . . (430) ..... (16232)
59 2399. 2903 ........ 2 2619 (*3*). 2627. 2644. 3 2608 .......... 1 3
63 2351· 2579, 2819 ..... 3 2723. 2763 (*3*). 2783. 4 2020. 2077. 2212. 2242. 3
59 2411 ........... 1 2867. 2897. 2916. 2943. 2248. 2272. 2332. 2353. ξ
¹ 73 2999 ··········· Ι 2979 .......... 19 2368. 2410. 2533. 2542 (*2*) i
87 2939 ··········· Ι 19 2031. 2069. 2381. 2477. 2605. 2773. 2788. 2842. j
f 1÷}eg·³ “· ἐξὲξ· 5⁷3⁸: ,²⁷.4⁶.· †⁷‘:’⁹: . 9 ⁵ ἓξὲξ. ..7. 1.... ...11 · ¹⁷ ἱ
J G. II . . . . (311) ..... (11646) 20 2078. 2297. 2375. 2402. 2118. 2125. 2152. 2158. f
³ 6 2017. 2062 ........ 2 2404. 2498. 2559. 2777. 2173. 2178. 2202 2230.
ἰ 7 2293. 2335 ........ 2 2866. 2942. 2959 . . . . 11 2247. 2290. 2398. 2422.
8 2095.⁴2113. 2137. 2302. 21 2012. 2123. 2138. 2147. 2433, 2494. 2577. 2641.
2308. 2377. 2578. 2878. 2171. 2183. 2186. 2213. 2776. 2830. 2853. 2965. . 24
2962 ........... 9 2259. 2342. 2348. 2357. 6 2022. 2025. 2028. 2035.
9 2023. 2038. 2047. 2053. 2427. 2507. 2571. 2693. 2050. 2052. 2067. 2068.
2122. 2167. 2188. 2221. 2749. 2779. 2911. 2931. 2082. 2086. 2096. 2104.
2227. 2283. 2403 (*3*). 2972 .......... 21 2115. 2132. 2139. 2148.
2437(*3*). 2443. 2458. 22 2089. 2271. 2439. 2567. 2157. 2163. 2172. 2223.
2515. 2557. 2563 (*3*). 2594. 2798 ....... 6 2257. 2260. 2268. 2275. Ι
2566. 2572. 2787. 2797. 23 2614. 2615. 2837 . . . . 3 2278. 2305. 2317. 2322. ε
2902. 2923. 2998 ..... 24 24 2019. 2195. 2273. 2327. 2338. 2358. 2388. 2412.
10 2164. 2281. 2407. 2452. 2372. 2631. 2654. 2811. 2413. 2425. 2451. 2475.
2473. 2487. 2500. 2527. 2974. 2991 ....... 10 2482. 2488. 2493. 2512.
2638. 2722. 2743. 2818. 25 2042. 2396. 2582. 2588. . 4 2517. 2538. 2545. 2548.
2836. 2857. 2983 ..... 15 26 2642. 2807. 2969 . . . . 3 2592. 2598. 2620. 2629.
11 2182. 2215. 2263. 2326. 27 2051. 2075 (*3*). 2252. 2650. 2653. 2658. 2667.
2374. 2623. 2662. 2677. 2291. 2315 (*3*). 2426. 2668. 2676. 2682. 2695. Ι
2815. 2863. 2917. 2935 . . 12 2675 (*3*). 2747. 2759. 2698. 2704. 2710. 2715. ¹
12 2059. 2098. 2107. 2116. 2859. 2891 (*3*) 2951. 2718. 2725. 2740. 2748.

 

 

2209. 2307. 2323. 2395. 2957 .......... 13 2752. 2755. 2758. 2794. ——l

 

 

