 

 

467

479,

491

499ζ

503v

 

VERWANDLUNG GEMEINER BRUCHE IN DECIMALBRUCHE.

1263383297

2141327623
1177730192 7194860813
3147751605 9957173447
2087682672 2338204592
5511482254 6972860125
2150313152 4008350730
2053388090 3490759753
7843942505 1334702258
4763860369 6098562628
2997946611 9096509240
5852156057 4948665297
,1355236139 6303901437
7577002053 . ..
2036659877 8004073319
4623217922 6069246435
Ἰ8594704684 3177189409
Ἰ6109979633 4012219959
Ῐ3869653767 8207739307
ᾗ5784114052 9531568228
ἰ8329938900 . .
2004008016 0320641282
,0280561122 2444889779
Ξ9639278557 1142284569
14749498997 9959919839
ζ2464929859 7194388777

22545090180
48156312625

1988071570

 

ἱ4691848906
Ξ7872765419
ξ3379721669
13976143141
49383697813
ξ5745526838

3607214428

6445396145

7044967880
5374732334

9018789144
2609603340

6889352818

5934291581
7268993839
3367556468
2464065708
7412731006

3716632443

7556008146
8452138492
3686354378
2668024439
5356415478
1059063136

5651302605
5591182364
1382765531
6793587174
5551102204

8577154308

2505010020 . .. .

5765407554
5606361829
4831013916
9801192842
1530815109

9662027833

6719681908
0258449304
5009940357
9423459244
3439363817
0516898608

Δ0019880715

 

6102783725
0856531049
0471098077

0501043841

2922755741
3716075156

1088295687
8357289527
1724845995
4188911704
1601642710
5318275154

6395112016
8716904276
8187372708
9185336048
6150712830

4562118126

2104208416
7294589178
0621242484
3486973947
4088176352

6172344689

5487077534
1749502982
8528827037

5328031809

0974155069
3499005964

9100642398

2505353319
0877944325

3361169102

1273486430
5762004175

8850102669
7207392197
8932238193
3121149897
4722792607

0041067761

2932790224
9857433808
7576374745
8798370672
9572301425

2729124236

8336673346
3567134268
9699398797
8957915831
7054108216

3787575150

7912524850
1073558648
7733598409
1451292246
5825049701
2147117296

2869379014
0578158458

4817987152

2964509394
0626304801

3653444676

4045174537
1252566735
0184804928
3305954825

8028747433
8069815195

0325865580
5539714867
4175152749
0977596741
6619144602

2525458248

6933867735
5370741482
5951903807
6633266533
4328657314

3006012024

8946322067
1113320079
5427435387
5208747514
7892644135
2226640159

9892933618
2441113490
0342612419

5720250521
6701461377
4091858037

9876796714
1129363449
1314168377
4620123203
2648870636
0718685831

4480651731
6171079429
4908350305
3441955193
8513238289
4725050916

4709418837
9659318637
6152304609
0661322645
6292585170
0480961923

5944333996
5228628230
6739562624
9105367793
1888667992
0457256461

 

8436830835
3640256959
7002141327

 

9206680584

8705636743
5782881002

5790554414
6919917864
8234086242
2854209445
5503080082
6221765913

1608961303
7352342158
4989816700
4326883910
2057026476
4969450101

6753507014
2745490981 -
2184368737
2905811623
3406813627
8476953907

0238568588
6163021868
2544731610
2405566600
0477137176
2326043737

 

 

 

