452

 

 

 

NACHLASS.
'Centas 9. 'Centas 10. *Centas 11. ροηδε 12·
G. I ....... (8). . . . (164) ).G I ....... (8). . . . (174)Ό. I ........ (7) ..... (191) G. I ......... (6) ..... (148)
9 32 3· SS3 9 907 9 1087 15 1123

. 21 811. 827· 859. 863. 11 967 15 1051 21 1163. 1171
ἶ 29 887 15 947 19 1063 23 1103
ε ³³ 839 17 991 23 1039 27 1137(*3*)
, G. 11.46...(34)....(750)1 ἐξ ἓξὲξ {g {gg G¹4III 1151
, 4 ι 2 31 911 51 1091 . ........ (36)....(924)

5 847. 853. 877 6 1108. 1138. 1198

 

 

ι 6 802. 898 45 971 γ G. II ....... (35). . . . (880) 7 1117. 1183
l 7 807· 333· 841· 892·)(31.11 ...... (33). ..(810) 5 1093 8 1129. 1153. 1156. 1159
¹ g 895 1 5 982 6 1003. 1027. 1033. 1042 9 1107(*3*). 1132. 1135.
9 835. 843· 844· 867· 6 955 8 1024. 1047 1142. 1147
ς 886. 891(*3*) 7 997 9 1018. 1059. 1075(*3*). 10 1143
10 878 8 943. 958. 961 1083. 1099 11 1111. 1114. 1126. 1167
¹ 11 829. 871. 879 9 922, 931. 963. 972 10 1006. 1009 12 1127. 1186. 1191. 1195 ³
13 842 10 916. 927. 937. 977} 11 1021. 1082. 1084 15 1115. 1174. 1175. 1179 '
14 818. 831 12 932. 939. 964. 979. 12 1043. 1058 16 1119
15 803. 815. 821. 851· 995- 999 13 1013. 1052. 1061. 1094. 18 1172. 1193
875 13 934. 951. 998 15 1007. 1069 19 1199 Ι
16 809. 857 15 908. 923. 956 16 1028 20 1124
20 881 16 953 Ι 17 1079 23 1181
. 21 899 18 914 929. 959. 18 1011. 1055. 1067. 10971 24 1139
5 22 866 974(*3 *) 21 1004. 1046 25 1109
1 G· IV (47 )·· .(1024) 20 926 22 1049. 1076 28 1154 3
3 888- 813· 8¹4· 8¹7· ²³ 94¹ G. lv.. . . ..(44) ..... (984) G.1v ....... (4ο)....(.064)
826· 32 3· 337· 656 G IV (45) , ...(976) 2 1012 3 1162. 1177. 1192.
4 32 0[* 2 *·) 332¹ 8·3»4 2 923 3 1030. 1038. 1048. 1068 4 1149. 1150. 1152. 1168.
850. 852. 855. 865 3 913, 918. 925. 933. 1072. 1090 1178. 1180
868 873· 882¹ 869· 940, 942. 949. 970. 4 1002. 1015. 1017. 1023. 5 1102. 1125. 1137. 1165.ἰ
900 (*2*) 973, 988 1054. 1057. 1060. 1078. 1182. 1189
5 322· 830· 872· 874 4 903¹ 904, 993, 938. 1081 6 1131. 1134. 1141. 1145.
6 80¹· 804· 3¹0· 312‘ 946. 975. 994 5 1037. 1066. 1071. 1098 1158. 1164. 1188 ’
8¹9· 833· 848· 864' 5 917. 921. 968. 1000 6 1026. 1035. 1036. 1044. 7 1101. 1112. 1133. 1136.
375· 890· 894 6 901. 905. 915. 948. 1053. 1062. 1073. 1077. 1148. 1157. 1194
7 806‘ 845. 849. 860· 954. 976. 978. 980. 1089. 1096. 1100 8 1146
893 * * 981, 985. 987. 996 7 1010. 1014. 1029. 1086. 9 1116. 1118. 1161. 1166
2 3 846· 869· 864( 2 )· 7 902. 906. 909. 935. 1095 10 1184
J 395 962 8 1016.1022.1025.1074. 11 1121. 1130
ι 10 824· 836 8 992 1088(*2 *) 12 1106. 1169. 1196
⁵¹ 8⁵4 9 944· 9⁵0· 989 9 104¹·1070 G. V111 ..... (18) ..... (408)
*G.V111..(10)....(200) Π 965· 986 ¹¹⁸“1034 2 1105. 1110. 1113. 1120. Ι
² 805. 856· 870⁸ 880' G.VIII. ..(14).. ..(312)(ἷ. VIII ...... (14)... .(344) 1122. 1128. 1170. 1185.
897 2 910. 912. 952. 957. 2 1005. 1008. 1032. 1045. 1197
3 810· 825- 361· 885· 950 1065, 1092 3 1144. 1155. 1173. 11764
383 3 924, 930. 936. 945. 3 1020. 1050. 1080 1200
G. XVI. . . . (1). .. ,(16) 966. 969· 984· 990 4 1040· 1056· ¹085 4 1104v 1140
⁷ 1 840 ⁴ 5 92 0 5 1001. 1064 5 Q*—
2 Suum Summa 366 ..... 2272 ὃυ-ῐῖῑηα 365 ....... 2399 Summa 382 ...... 2544j

ὲ Irreg, 4 Irreg. 1 Ixreg. 2 Irreg. 2

 

 

 

