 

439

Ξῄ--ᾘή-ξ-ἬἪῇ-ᾕ*

 

 

 

 

 

 

 

 

 

 

 

 

 

 

 

 

 

 

 

 

 

 

 

 

 

 

 

 

 

 

 

 

 

 

 

 

FR-EQUENZ DER PRIMZAHLEN.
1400000 . . . 1500000 1600000. . . 1700000
141 142 143 ⁶1—44 145 146 147 148 149 1501 161 162 163 164 165 166 167 168 169 1701
0 0 0 1 1
1 1 1 1 1 1 5 1 2 2
1 2 1 1 2 2 1 7 2 1 3 1 1 1 2 2 11
3 3 3 0 2 1 2 2 4 2 0 19 3 3 3 3 4 4 2 2 4 4 29
4 8 8 8 4 6 7 9 9 5 8 72 4 7 4 9 7 7 10 4 4 10 6 68
5 17 9 7 14 13 11 14 15 16 13 129 5 10 11 8 12 11 11 13 12 18 14 120
6 1 21 23 20 18 20 19 11 16 16 19 183 6 18 22 15 19 15 11 14 19 10 16 159
7 17 23 18 18 13 4 18 11 15 2 179 7 22 15 14 21 25 18 22 24 24 18 203
8 ' 12 16 28 17 24 14 17 18 23 14 183 8 14 23 25 15 17 16 17 15 13 19 174
9 1 12 11 4 15 6 10 13 12 7 8 98 9 8 12 18 12 12 21 12 8 14 13 130
10 7 2 7 7 9 7 8 9 8 9 73 10 7 2 5 8 4 6 11 7 4 9 63 1
11 2 2 2 4 2 3 6 5 4 4 34 11 7 3 1 1 3 1 3 2 2 3 26
12 1 2 3 1 2 2 1 1 2 1 16 12 2 1 1 1 4 9 1
13 1 Ι 2 13 1 1 1 3 1
14 1 1 1
15 1 1
’ 679 680 717 723 703 701 716 705 706 698-1 7028 1 719 694 710 692 692 700 716 {675 712 1 7012 1
gg} Ξ 7048,78186 lggaex = 6985‚13714 1
.- *— Ι
1500000 . . . 1600000 “ 1700000 . . . 1800000
151 152 153 154 155 156 157 1ἶῖ159 1601 1 171 172 173 174 175 176 177 178 179 1801
0 1 0 0 0
1 1 1 2 1 1 1
2 1 1 2 2 1 3 10 2 1 2 1 1 5 Ι
3 ’ 2 4 2 2 3 5 3 6 1. 28 3 3 4 3 3 4 3 5 3 2 30
4 8 5 5 7 9 13 6 ω 7 7 137 4 17 ιζ 1ξ 16, 131 1? 23 ιζ ἒξ 1Ξ 1Ξῖ 1
ἒ 1 1ἓ {3 ἐξ ἑξ ἔξ 12 ἐξ {i ἐξ {3 1φέ Ξ 1} 1⁶ 22 22 20 14 11 13 18 11 174
7 19 21 18 19 18 15 12 19 11 20 172 7 23 21 22 15 22 19 19 21 17 15 194 ’
8 19 12 15 18 15 17 10 17 15 11 149 8 11 16 11 15 16 15 13 18 19 13 147
9 16 14 16 12 8 17 15 6 11 9 124 9 18 11 8 11 15 10 12 14 10 15 124 ,
10 8 3 5 4 9 7 5 10 10 2 63 10 3 1 8 7 2 9 6 9 5 11 61
11 5 2 2 3 3 3 2 4 5 29 11 1 3 3 1 3 4 4 1 4 2 26
12 4 1 3 1 1 4 1 2 1 17 12 2 3 1 1 1 2 10
13 1 2 2 1 6 13 1 1 1 2 5
14 1
Ῑ5 ¹ ,
1 731 702 691 686 698 714-680 701 693 675 {69-71 1 -1 695 685 691 689 706 684 679 700 689 713 6931 ’
Ϊὲᾗ = 7015‚78776 lgigxx = 6956‚53562

 

 

