 

   

 
   

    

NACHLAS&

    

 

613
617

619

631

641
643

647ζ

07 1647446457 9901153212 5205930807

8681641833 6679177419 9835155354

1654565733
1631521370

1616745541

1615508885
0484652665
ΟῙ45395799
7643618739

0113085621

1136738056
3699516663

9497568881

Ἰ3650470016 . ..

1988691437
5896667431
6768982229
9030694668
9709208400

0131795716
5889070146
6855753646

8619679159
3468713747
4022617124
8206785137
6461635541
1938610662
0581583198
8174474959
1267828843

› 7» 7 91393 1694

1035925686 5912762520
2310177705 9773828756
9693653311 7931148616
1584786053 8827258320
9649118367 6 1364566
,35705223‘9 ³377312995

361331-20

’5657686212 “f

j. ..
,1560062402

1555220953 7 “‘3

3591534991
1545595654
Ε5378670788

5517ΐ74343
’1411854714

199<454464
Ὶ0834621329
;9364481115

45579598145

1139561331
0958268933
1534775888

ΙΖΖΙΟΖΟΟ«)Ζ

6649149911 71

9459341731
2117465224
6568778979

1859356856

47017001545 . . ..

653 41531393568

ῗο551301684
ξ6993455556

44119448698
Ι

1470137825
5319149617
4318529862
3154676756

Ι8683001531 .. ..

1456418383

72 2 8526148969

9375975039

2487644151
2009884678
6391691157
8189233278
6774716369

9353796445
9806138933
3941841680
3181551564
1954765751
3586419715
7675918917
6122778675
1061806656
1362916006
5182250396
8890649762

5656741356
7479466919

 

9060955518

1751135584

6616474464 -· .-
9559543230 0163131137ζ . . . .

5199837915

8864513414
7641357617
1292407108
0387722132
2116316639
3634894991
6090468497
1817146549
1014263074
3391442155
1955134705
2820919175

0015600624 ..

8895800933 1259720062
8149300155 . .. .

5394116738 7944358578
7171561051 0046367851
7357631457 4961366113
7-614»1951 6865533136
0664675873 2612055641
11128 8438 9489953632
96 Ἴ641967 5415638639
6771797517 6479134466
4 11317312 4042879019

3828483920

1 4655436447

6875957116

3675344563

1683981337

0525502318
6228748068
6476643176
2936630602
4119474497
1483771251
8763513956
7697663369

9081163859
1669218989
9800918836

5518336781

 

9456341668
8434915864

4457656143 1118314414
8788368336 0258481421
4636510500 8077544426
2390953150 2423253327
4717185945 6716978998
7415185783 5118693699
9114555735 6565418169
5767366720 5169628432
2730210016 . . ..

484944531ἷἡ 8811416459
3093332335 0713153724
8145800316 9572107765
9111519869 8156735346
4865598755 8316373156
3915811437 4634663691
0061823802 1638330757
6615146831 5301391035
7820710973 7248840803
6816074188 5625965996
9319938176 1978361669
7233384853 1684698608
3971179189 6161751159
1117917304 7473200612
2802450229 7090352220
1408882082 6952526799
6167197549 7761969647

8631619439
9693964448

6353322528

6478190630
4943457189
9483637156
3844911147
5153473344
8546042003
9563812600

5879556159
2472266244
4516646153
7196615847

3888024883

1901081916
3415765669
5486862442
7094281293
9088098913
2426534234
9644513137
1962905718

5574171588
5206738131
3874415717
7794793161

 

 

