 
   
    
      
      
   
              
             

FREQUENZ DER. PRIMZAHLEN.

1000000 . . . 2000000

 

110 120 130 140 150 160 170 180 190 200

 

1 ‘1

1 1 2 1 5 2 2 1 1 16
4 5 6 9 7 10 11 5 10 5 72

21 25 32 19 19 28 29 30 22 34 259
54 57 63 69 73 77 68 70 71 67 668

 

Smoeqmmssmnuo

114 107 120 119 129 124 120 152 135 136 1256
171 170 160 173 183 199 159 174 175 182 1746
217 217 214 207 179 172 203 194 206 221 2030
164 160 168 161 183 149 174 147 161 148 1615
126 131 111 120 98 124 130 124 113 103 1180

71 77 73 70 73 63 63 61 74 62 687
11 ¹ 39 32 35 33 34 29 26 26 23 30 307

 

 

12 12 11 9 15 16 17 9 10 10 5 114
13 6 5 5 3 3 6 3 5 3 38
14 2 1 1 1 3 8
15 1 1 2

 

16 1 1
4 7210 7194

 

2000000...3000000

 

Ι 210 220 230 240 250 260-27οῂ-280 290 300 Ι

 

 

 

ἰ 3 2 2 4 1 3 4 2 2 2 25
2 10 9 9 11 9 5 10 7 15 13 98
3 33 37 39 33 37 35 38 43 30 44 337
4 69 69 73 86 78 88 71 95 85 64 778
Ξ
7
8

       
           
       
             
       
    

119 146 138 136 147 136 158 135 140 153 1408
197 183 179 176 193 194 195 195 179 187 1878
204 201 205 194 189 180 201 188 222 214 1998
157 168 168 158 151 170 142 145 132 134 1525
9 115 109 113 112 102 88 96 87 109 103 1034
10 ⁶3 53 44 55 58 58 53 67 53 58 561

11 21 18 30 28 23 24 22 24 18 15 { 223
12 8 9 10 7 7 13 17 9 8 11 ι 99
13 2 4 1 5 6 1 2 5 1 27
14 3 1 3 Ι 6
15 1 1
16

17 1 1

 

 

Ι ἐῖῑῖῖὲξῖ“ῑὲᾗῖῖ7Ξ7”ὃἦᾗἶἶΞῖΣ’ῖῗῑῖῖῆῐῖ“ῑῆᾖῗῖῖἇῖ“ἶῖἦὲῑῖ

 

Die 26379te Centade enthalt keine Primzahl s—d—x— - ⁶7915
l - ‚733

Die 27050ἀξ Centade euthalt 17 Primzahlen. ogx

