 

VERWANDLUNG GEMEINER 1311130112 m DEcxMALBRfchE.

 

1088139281
4918389553
0631120783
6452665941
44766050054
ἷ1142546245
929 ἔ1076426264
48675995694
ᾗ1528525296
13519913885
Ξο570505920
ξο398277717
927 ξ1067235859
ἷ8954108858
Υ1824973319
41611526147
ἒ3820704375
ἔ9455709711
’5133404482
’2369263607

919

 

 

6478121664

1451440768
12977588046
3681963713

 

9412 1062699256
ξ6461211477
{8884165781
ἰ7215727948
,8671625929

ἐ1923485653

8894792773
8480340063
9160467587
ἒο095642933
1381509032

4399574920

 

1

8280739934

8628944504
4602829162

2404787812
4069640914
9194776931
8008611410
2949407965
0172228202
8988159311
3444564047
9763186221
1248665955
0576307363
1035218783
2785485592
6670224119
8463180362
3906083244
2572038420
8879402347
4098185699
9583778014
9807897545
1105207226
1519659936
0839532412
9904357066
8618490967
5600425079
6450584484
7619553666
6726886291
0499468650
9436769394
2975557917

7116430903
8966267682
1327529923
8400435255
0369967355
4472252448
1184068891
5543595263
3681377825
0871905274
3627556512
7438105489
1760939167
9274279615
3511205976

3159018143
5304162219

8601921024

3970117395
4909284951
9188900747
0394877267
9413020277
3575240128
3549415515
2380446333
3273113708
9500531349
0563230605
7024442082
5908607863
3124335812
1795961742
3719447396
2614240170
1094580233

q-ss—

1556039173
2633297062
8302502720
7127312295
8215451577
3133841131

2809472551

7244348762
6189451022
4886975242
3789020452
7739504843

5560298826
795090715Ο
5208110992

0096051227

8505869797
5464247598
9445037353

9743863393

0651013874
8762006403
4813233724
0683030949
4091392136
6875664187
8204038257
6280552603

7385759829

8905419766
9744952178

9649309245

8267800212
3868225292
0318809776
7938363443

0141458106
0239390642
3482045701
9738846572
8019586507
6648531011
1302475780
1097954790
6049515608
1959095801
0990312163
9181916038
0405549626
4802561366
5293489861
3212379935
2251867662
7193169690
2550693703
8100320170
0661686232
4151547491
6531483457
8399146211
0255047821
0350690754
1732199787
6131774707
9681190223
2061636556
5334750265
4835281615
5398512221
2422954303
8331562167
1455897980

6376496191

0021762785
8498367791
3612622415
0729053318

5125136017

6365614798
0772578890
6692056583
8248095756

9695321001 . .. 0

4090419806
0968783638

’1808396124

9375672766
6167922497
7513455328
4674493062
0618996798
2593383137
9658484525
7534685165
5016008537
3084311632
7577374599
6574172892
9957310565
8441835645

2432723358
3207750269
8654467168
4155005382
3089343379

3100107642 . .. .

9669156883
2924226254
6734258271
0800426894

4215581643
8868729989
8708644610
7865528281
2091782283
6350053361
6776947705

3127001067 · .. .

4665249734
5164718384
4601487778
7577045696
1668437832
8544102019
6748140276
3028692879
0414452709
9319872476
9064824654
8714133900

3251859723
6971307120
9585547290
0680127523
0935175345
1285866099
3018065887
9149840595
8831030818

0892667375Υ

6227417640

1062699256 . . ..

14531

   
 
  
 
 
  
   
 
 
 
 
 
 
 
 
  
 
 
 
 
 
 
 
 
 
   

4102285092
6942328618
0979325353
2426550598
2568008705

4499461786
1065662002

9989235737
1313240043
9784714747 ²

6712913553
0021344717
0779082177
3436499466
5432230522
3276414087
4589114194
7502668089
8847385272
7929562433
4429028815

 

6981934112
0850159404

1168969181
9107332624
3772582359
8937300743
3538788522
1115834218
2784272051
1328374070
8076514346

 

