437

   

 

FREQUENZ DER PRIMZAHLEN.

 

501 78 551 79 7 601 75 651 61 701 75 ¹ 751 68 801 85 851 70 901 74 ἕ 951 76
562 74 552 75 662 73 652 74 702 71 752 85 802 66 852 77 902 73 952 70
503 67 553 71 ‹ 603 83 653 85 703 81 753 73 863 76 853 74 903 70 953 78
564 76 554 86 2 604 76 654 69 764 71 754 71 864 69 854 66 964 63 954 65
565 76 555 77 , 665 73 655 78 , 765 87 755 83 865 78 855 71 965 81 955 73
506 83 556 61 606 74 656 73 706 68 756 70 806 79 856 73 906 70 956 76
567 76 557 88 667 72 657 71 707 82 757 66 867 68 857 78 967 86 ’ 957 58
508 71 558 68 608 78 658 70 708 74 758 68 808 70 858 76 908 80 1 958 69

569 76 559 74 669 78 659 79 769 77 759 79 869 69 859 69 969 79 7 959 77
¹ 510 75 560 77 610 80 660 73 710 77 760 77 810 78 860 71 910 82 1 960 69

 

 

 

 

 

511 72 561 86 611 73 661 83 711 78 761 77 811 78 861 77 911 62 7 961 68
512 82 562 61 612 71 662 70 712 76 762 80 812 72 862 74 912 81 962 88
513 70 563 83 613 76 7 663 74 713 72 763 68 813 69 863 83 913 71 ἐ 963 71
514 77 564 67 614 79 664 77 714 73 764 79 814 72 864 66 914 54 964 74
515 81 565 77 1 615 71 7 665 77 715 66 765 72 815 78 865 86 915 73 ξ 965 74
516 66 566 78 616 75 7 666 77 716 83 766 82 816 69 Ι 866 80 916 70 1 966 70
517 85 567 72 617 85 7 667 73 717 69 767 78 817 75 1 867 68 917 72 967 73
513 33 563 72 ÷ 618 81 7 668 73 7 718 65 768 68 818 75 ; 868 78 918 79 , 968 66
519 76 569 71 1, 619 67 ι 669 66 , 719 67 769 77 819 62 17 869 80 919 75 969 75
520 78 570 80 620 73 676 74 “ 726 74 776 74 826 83 876 73 926 71 ' 970 73

521 73 571 85 621 77 671 75 7 721 78 771 77 821 75 7 871 79 7 921 72 971 76
522 83 572 72 622 70 672 76 7 722 77 772 75 822 72 ῑ 872 58 922 72 972 78
523 79 l 573 85 623 74 673 76 , 723 73 773 76 823 84 , 873 76 923 72 973 74
524 69 574 72 624 75 674 77 1 724 86 774 76 824 78 3 874 65 924 81 974 63
525 77 575 76 625 68 675 69 ³ 725 75 775 72 825 71 1 875 75 1 925 76 1 975 85
526 79 576 77 626 69 676 75 ,1726 69 7 776 67 826 81 7 876 80 926 80 1 976 70
527 84 577 78 , 627 76 ¹ 677 74 1 727 76 777 76 827 78 1 877 75 927 74 977 66
528 72 7 578 77 7 628 70 7 678 63 7 728 75 ¹ 778 76 828 69 - 878 67 r 928 63 978 60
529 76 ² 579 76 629 71 679 82 729 76 7 779 81 1 829 69 , 879 68 929 76 979 86
530 78 1 580 77 630 75 680 83 , 730 75 ’ 780 71 ’830 68 ἶ 880 75 7 930 80 980 65

531 80 , 581 73 , 631 67 ἔ 681 75 3731 69 7 781 70 3 831 76 881 80 j 931 69 ι, 981 67
532 68 582 79 632 81 7 682 78 732 76 2 782 82 7 832 79 J 882 69 932 69 982 75
533 79 z 583 73 633 77 683 66 1 733 71 7 783 68 ¹ 833 82 f 883 72 933 76 7 983 70
534 74- 584 78 ’ 634 76 7 684 78 734 75 ³ 784 74 ᾗ 834 68 ¹ 884 73 7 934 68 984 76
535 72 585 72 635 82 1 685 72 “ 735 74 7 785 75 835 67 885 69 3 935 81 985 74

536 71 586 81 636 78 686 74 Ι 736 79 786 77 ι 836 73 ³ 886 77 936 68 986 76
537 87 7 587 79 637 73 ι 687 74 ’ 737 69 1 787 76 7 837 71 7 887 76 7 937 71 987 76
538 67 588 87 638 74 j 688 82 738 78 788 73 7 838 64 , 888 71 l 938 71 988 63
539 78 589 73 639 59 ἑ 689 74 739 76 789 86 1 839 86 ¹ 889 77 939 72 7 989 71
540 71 590 68 640 72 <1 690 79 ¹ 740 81 1 790 68 ι 840 69 1 890 68 940 68 990 72

541 73 591 71 641 77 Ξ 691 66 741 67 791 78 , 841 76 1 891 68 941 74 991 71
542 77 592 67 642 71 ξ 692 79 1 742 74 792 71 ξ 842 69 892 86 942 79 992 79
543 78 593 86 643 68 ³ 693 77 ¹ 743 73 793 82 · 843 83 893 69 943 72 2 993 65
544 81 594 77 644 70 1 694 73 744 67 794 71 844 68 894 72 944 76 994 68
545 68 595 78 645 86 3 695 76 745 64 795 73 845 78 895 74 945 73 995 78

Ι

546 68 596 77 646 75 7 696 77 746 67 796 79 f 846 76 ι 896 86 ’ 946 66 s 996 69
547 73 597 79 647 74 ἐ 697 73 7 747 76 797 77 · 847 69 897 64 947 72 1 997 69
548 76 598 73 648 79 ἒ 698 79 ’ 748 71 798 72 ἔ 848 77 7 898 75 948 66 = 998 83
549 77 ι 599 72 649 73 1 699 62 749 76 799 71 7 849 75 1 899 76 949 67 7 999 74
550 78 j 600 73 650 84 700 72 ’ 750 72 800 81 ἶ 850 68 7 900 61 950 75 . 1000 65

 

 

 

 

 

 

 

 

 

 

 

 

 

 

 

 

ΙΙ (30

