    
    
  
      
   
     
    
       
       
    

 

 

 

  

 

  

 

 

 

¹ Centas 95 14 9436 {Centas 96. 9529· Centas 97 15 9539
(}.I....(8) 4708) 15 9443 ,(Ξ.Ι. ...(5)..(471) 9542 (}.I....(5)..(333)' 16 9610
33 9493 9452 39 9547 15 9582 33 9643 17 9696
Ι 45 9463 157Ξ 9419 J 69 95ἑ1· 16 95ἓ4 · 57 9219 18 9203·M
³ <⁷23 3433 Ι 3433: 3129 35553 38 3358 3} 3633 36335(3*3
· 101 9479 9482- ;165 9539 19 9565 95 9623 19 9638·
i {⁴¹43- 20 3325, ³G·1}¹·35<z{>·<¹⁹⁶⁴> 20 3233? 1831434628) 3233
1* 4 } 20
2 13} 9491 21 9414 ³ 17 9535 9591· 19 9661 9616
0 (}.11 ..(24).(1706) 9481 18 9523. 9593 ‚ 20 9697 9650
. 16 9433 9489 9583 21 9515- 21 9697- 9653
18 9475 9499 20 9598 9561 9613 21 9699
19 9466. 22 9441 3 24 9502. 24 9519. 24 9601 22 9654
9487 24 9422(*2*) 9507 9579 26 9655 9684
20 9442 9426· 25 9559 25 9530· 27 9627(*3*)· 23 9695
21 9427 9474 26 9543 9584 9663· 24 9641
24 9496 9488 27 9531(*3*)· 27 9509 9683<*3*) 9666
³ 3133 23 3123 , 33334) {Z 3232 28 3231: 3 332
ι 39 9459 39 9455 i 29 9532 38 9569 9649 9674
33 9421 35 9479 39 9571 9554 39 9687- 9698
3 34 9458 36 9476 1 33 9527 Gr-V111(26)- (19⁶0) 9691 39 9621
36 9451 42 9434 34 9556 4 9568 = 32 9662 32 9665
9497(3) (31 V111(25)-(1744) 9586 5 9592 33 9692 33 9635
39 9484 4 9430 38 9524- 6 9552· 36 9668 9686
49 9473 5 9417 9567 9585· 42 9651 G· V41211(22)· (1699) s
42 9428 6 9498 42 9518 9597 43 9647 4 9649 ²
, 45 9411. 9432 43 9578 7 9528 44 9602 5 9618-
, 9437 9438 48 9566 8. 9519(*2*)- 45 9626 9625·
³ 46 9497 9465 49 9599 9513(*2*)· 49 9677 9685-
<² 51 9413 9492 51 9575 9537· 52 9689 9688
¹ 57 9461 7 9453 59 9596 9549(*2*)- 55 9629 6 9648·
J 63 9494 9462 69 9572 9588- 57 9659 9696
9446 8 9424 61 9533 9699(*2*)· 63 9671 7 9633-
( (}.1V'(41) (2988) 9460 64 9521 9 9541. 66 9611 9646
ff 8 9412(21)-9485 G.1V·(38)-(2700) 9548- , 69 9644 3 9645· ,
Ι, 9457(*2 *)- 9486 8 9538· 9555( 3*)γ(3- 1V. -(41) (3108) 9669 Ι
2 9472 9490 9562- 19 9525 9 9612(*3*·) 9 9639· i
Ι 9 9493 9 9429,ξ 9577 9534 Ι 9615- 9657
11 9402. 9450( 3 )1 10 9517. 9594 9622. 10 9620. 3
9447- 9471 ι 9553· 12 9594 ( 9678 9636 5
9496 10 9440 9573 9516(*2 *).ἰ 10 9628 11 9681
12 9445· 11 9429- 12 9595· 9569 , 11 9679 12 9695· ἰ
4 9469- 9456 9522· 13 9545 ,Ι 12 9652 9632· ξ
3 9483· 12 9425· Ι 9526· 9594 1 9673(*2* 9689(*2’*) j
¹ 9498 9435- 9559· 14 9581 9676- 15 9624 1
ἰ 13 9415. 9464 9580.15 9512 9682. 16 9614 ³
ι 9418- 14 9416 g 9595(*2*“) 9599 ³ 9799 18 9656 3
*s 9448. 16 9401 13 9514. (31. XV.1(3).(176)j 13 9637 G.XVI.(3)..(192)
1 9454· G·XV1-(2)··(112). 9549- 3 9520 l 14 9642- 3 9672
3 94⁶8· 3 9489 9557 9579 9658· 4 9699
ῑ 9478 4 9405 14 9501· 5—- 9576 9664 5 9669
³ Summa 452 . ‚7258 Summa 469 ..7271 Summa 451 . . 7341
Ξ Irreg. 5 ¹Irreg. 10 :Irreg. 7

fflssss']

N ACHLASS

 

 

      
        
         
            
             
        

 

    
       
         
        
            
             
                 
           
           
    

 

  
        

 

 

     

 

 

         

