4:113

 

NACHLASS

 

9067055595 5860058509 0579008746 5556851511 9555517696 7950 ι

337i

 

..0346020761

5640138408

0954156055

6228373702

..0375426621

5788595904

..0341296928

0716715549

..4951140065

2671009771

·-0515751899

8859954855

..2958199356

8456591659

..0321543408

4180064308

..0319488817

8722044728
5111821086
9551715654
-1597476540

,0220820189
-5678155458
.0515457415

.1178147754

1859879154

’ 2 ..3595166163

5075518700

,0302114803

1779466195
-0196755905
5964591691
6884171997
2373887240
7715155551

5457(0)--0191545189
5071886197 5760951944 6064159941
6268221574 3440233236 1516034985

1456747404

5044981698
5655117995
4111455187
1604095565
4368600682
3276450511
4880546075
1465798045
9869706840
0228013029
4201954397
9151851797
8713826366
3601286173
6816720257
8913738019
4545047915
2619808306
9520756773
6940063091
2744479495
4858044164
1491115564
1389728096
0785498489
Ι419939577
9065444108
6155776455
3534743202
0445105857
5946587557
0516409495
3560830860
157270

5045751778

 

8441906574 5944656678

9619577161
0795847750
1971518559
1599517406
5958566551
9455914914
0853242320
6026058631
5908794788
3159609120
5941568078
4176517551
5594855505
6554405144
2347266881
1695190754
3226837060
7091651757
1619591971
4826498422
2681388012
0578548895
6687697160
6767371601
4159818751
0591749144
7615195051
0455171105
4169184290
5667655786
0919881305
5489614145
5541146190

4156559766

6197577854
8650519031
10

1455447098
9010238907
6757679180
8191126279
9218241042
1756156551
5211726384
1758957654
1897106109
4661579411
6945557610
0289389067
8242811501
7018755995
1884984025
2460063897
7129337539
6182965299
8990556177
8832807570
1084591145

7119909565

4380664652

5501485679
6579811958
5154411564
8011869436

7658485965
6909620991

4117405147

2006920415
6712802768

1418685121

9761092150
8498195515
8873720136
8634812286
5451768719
7915509446
3648208469
7231270358
5147588414
2218649517
5787781550
5141157556
5974440894
6102236421
5591054515
7655781747
4321766561
6845415867
6015156595
9779179810
0151057401

5589123867

5679758508

5252225519
4569751957

1149154948
1660899653
1071664559

1706484641
5585617747
5187715510
6894197951
6416938110
2540716612
0555745918
3061889250
4372990353
6848874598
4823151125
2700964630
5686900958
7252396166
0990415335
6038338658
5141955855
5078864555
0599569085
7255520504
8126888217

0694864048

1570996978

2878338278
6854599406

9851651047 4777448071

2017804154

οΙ45772594
1556445148
8134110787

3026706231

7521865889
6880466472
1720116618

0968858131
9791587545
8615916955

6581151559
440273

5802047781
218430

7491856677
5778501618
5587611149
8145511475
6977491961
0707595498
4019292604
2250803858
4664556741
1541855055
4651587859
1469648562
9621451104
3123028391
Ι735οῙ5772
7318611987
5226586102

3383685800

8519657461

9517507418
5281899109
2166172106

4540059347

2128279883
3032069970
0758017491

4878891755

2525951557 ι

0173010380

7169614575

5699658705

5144199674 5

664

8571555504 ff

570

4147909967 ff

39228
5016077170

52090

1140575079 v

1457699680
42492οΙ277
30
100946372
167192429
870662460

581705470 ᾖ

7190332326 J

6042296072

1556495468

3976261127
7922848664

8249258160

1810089020

3819241982

8454810495
7113702623

 

