 

 

 

 

NACHLASS .

51 89 101 81 151 85 201 77 251 71 301 85 ' 351 74 401 70 451 92
52 97 102 93 152 90 202 87 252 88 302 83 352 80 402 71 452 76
53 89 2 103 87 153 88 203 78 253 78 303 2 353 82 403 76 453 63
54 92 ¹04 80 Ι54 77 204 78 Ζ54 31 304 4 354 79 404 75 454 72
55 90 ¹ 105 91 155 84 205 77 255 76 305 88 355 87 405 70 455 74
56 93 106 82 156 85 206 85 256 87 306 80 356 79 406 83 456 82
57 99 107 92 157 76 207 83 257 72 307 82 357 67 407 67 457 73
58 91 108 76 158 88 208 87 258 78 308 73 358 80 408 81 458 77

59 90 ’ 109 91 159 87 209 85 259 86 309 76 359 83 409 79 459 75
60 94 110 88 160 85 210 88 260 76 ι 310 80 360 71 410 82 460 68

61 88 111 83 161 85 211 84 261 77 . 311 79 361 68 411 73 461 77
62 87 112 84 162 84 212 86 262 73 ¹ 312 69 362 79 412 81 462 69
63 88 113 81 163 81 213 69 263 79 ' 313 86 363 76 413 74 463 74
64 93 114 88 164 83 214 81 264 84 314 86 364 84 414 69 464 77
65 80 115 82 165 77 215 86 265 80 ³ 315 76 265 77 415 90 465 85
66 98 116 93 166 80 Ι 216 74 266 78 ¹ 316 77 366 77 416 80 466 74
67 84 117 81 167 81 217 76 267 87 317 84 367 85 417 67 467 69
. 68 99 118 90 168 83 218 80 268 94 318 84 368 79 418 82 468 83
69 80 119 79 169 73 219 84 269 75 319 81 369 72 419 85 469 85
s 70 81 120 87 170 87 220 91 270 78 320 86 370 68 420 75 470 72

71 98 ¹ 121 88 171 87 221 78 271 84 321 79 371 70 421 75 471 87
72 95 122 86 172 81 222 80 Ι 272 78 322 80 Ι 372 76 g 422 73 472 78

 

73 90 ς 123 88 173 89 223 81 273 83 323 81 373 81 Ι 423 77 473 73
74 83 ; 124 88 174 79 224 80 274 71 324 71 374 73 424 83 474 78
d 75 92 ¹ 125 83 175 83 225 83 275 80 325 87 375 82 425 81 475 80
¹ 76 91 , 126 84 176 75 226 84 276 83 326 85 376 85 426 74 476 86
77 83 127 83 177 95 227 76 277 83 327 73 377 80 427 71 477 75
,ι 78 95 ι, 128 86 178 73 228 80 278 74 328 86 Ι 378 71 428 78 478 69

3 79 84 , 129 89 179 89 229 89 279 81 329 73 379 77 429 71 479 85
: 80 9¹ 130 83 180 94 230 88 280 73 330 81 380 83 430 89 480 71

‘s 81 88 131 85 181 71 ’ 231 84 281 87 331 80 381 72 431 76 481 77
¹ 82 92 132 83 182 79 232 78 282 85 332 82 382 76 432 79 482 78
² 83 89 ι 133 87 183 91 233 76 283 77 333 72 383 74 433 84 483 82
84 84 . 134 82 Α 184 79 Ἰ 234 71 284 72 334 80 384 81 434 80 484 75
85 87 135 80 2 185 83 235 87 285 90 335 77 385 78 435 85 485 65
³ 86 85 ³ 136 89 186 91 = 236 73 j 286 77s 336 77 386 80 436 82 486 63
’ 87 88 137 96 187 79 237 76 ³ 287 71 337 84 387 78 437 73 487 82
88 93 138 80 188 87 238 73 > 288 71 338 80 388 69 438 70 488 78
= 89 76 139 85 189 80 239 87 289 85 339 77 389 75 439 75 489 83
90 94 140 84 190 88 . 240 79 290 84 340 68 390 84 440 75 490 78

91 89 f 141 87 191 75 241 80 291 84 341 84 391 81 441 79 491 78
92 85 142 87 192 81 242 91 292 77 342 77 392 79 442 72 492 76
’ 93 97 143 82 193 89 243 76 293 78 343 77 393 86 443 85 493 67
94 86 144 77 194 84 244 77 294 68 344 80 394 87 444 88 494 82
95 87 145 79 195 74 245 78 295 85 345 80 395 75 445 82 2 495 80

96 95 146 85 196 85 246 80 296 75 346 76 396 72 446 68 496 87
97 84 147 84 197 76 247 84 ι 297 82 347 80 397 75 447 68 497 68
98 82 148 83 198 87 248 79 298 73 348 82 398 75 448 73 498 81
ς 99 87 149 83 199 96 249 88 299 73 349 77 399 82 449 70 1 499 72
' 100 87 150 91 200 77 1 250 80 Ι 300 78 350 82 400 81 450 80 500 81

 

 

 

 

 

 

 

 

 

, ss-n

