 

NACHLASS.

 

ἒ 877 {1140250855

 

881y

883

887

907

911

,8369441277
“8631698973
[3956679467
Ι1641961231
17251995438
1135073779
1123723041
’9012485811
6322360953
5959137343
48399545979
1132502831
ἒ2729331823
45877689694
Ϊ2865232163
43895299513
ῑ1979554926
ἱ1127395715
[6786922209
ἔ1657271702
13776775648
41736189402
ἶ2051860202
Ῐ5152198421
ᾗ8816234498
ξ5873731679
ῑ8759864712
ξ8534385569

ξ1102535832

5314222712
Κ·1997694849
{0274423710
ἰ2568605927
{5642151481
{6410537870
f1602634467

1881413911
0809578107
7742393396
5028506271
4709236031
9965792474
7956867196
9977298524
5777525539
4619759283
9273552789
4880817253
2570781426
3295583238
2242355605
0804077010
9237825594
3873159682
8962795941
6956031567
3675319933
2525366493
4302705749
9312288613
6459977452
3089064261
8196166854
5149924464
3348365276

,2177991327 · · ·

4145534729
2381477398

8342489799
2085620197
5521405049
8880351262
4720087815
6180021953

9694332953

1835803876
7274899456
3797935347
9279239452
3443557582
3677639946
4040862656
1600454029
7684449489
9397694994
1214528944
9535673839
9589973952
8890147225
1925754813
5639864999
8992072480
3754227733
0800450958
8218714768
6076662908
7181510710
3932694475
0856820744
5558969879
5659526493
4879349492
2119593945

8787210584
9154355916

3402854006
5859713591
3962678375
3499669593
5872667398
3963166349

2497149372
8529076396
1003420752
7765198323
6795895996

8620296465
8072976054
5655644241
8312428734
9213226909

6681870011 .. ..

5389249716
0726447219
5119182746
2167999919
3246311010
3813847999
1845979514
4348810872
3680634201
1379328425
6602441506
1812004530
9346119484
2863585118
8838782412
6809470124
2593010146
7609921082
0811724915
3686583999
7993235625
6719278466
8850056369

3439911797
5389374862

5861690450
6465422612
4116355653
8529088913
4632272228
6158068057

2315550510
9692395995
8785471955
4997616345
2156640181

2223489167
7320410490
7331812998

3215507411
9201824401

7832009080
6753688989
6186152099
0624290578
6118047673

5135973779 ·· ··

9490373725
0271800679
5855939637
8210645526

2287655719

9343148357
5916987542
5999939977
6138165345
1392978482

0113250283 . . .

7891578354
3765591691
6268320180
0135287485
5614439665
2998872604
4453213077
9808342728
7046223224
7418263810
7857948139

1334968357
1830209481

9548847429
5137211855
1284302963
2821075740
3295268935
0801317233

0022547914
9935738444
3833145434
9075535512
1634723788
2841037204
7993943968
2976324689
3517474633
5975197294
7970687711

2216097023

8081587651

4171249395
1042810098
7769792524
9449175631
2369943997

6168757126
3978677399
8597491448
6305587229
3683010262

5992383654
7843359818
8864926220
8876276958
0987514188

8798946772
4688561721
3499433748

4133635334
4462061155

3179255918
1939120631
0473506200
9650507328
9496954114
9586245772
4329199549
9661781285
5963923337
2502818489
3866967395

1532524807
5986769579

1701427003
7925356759
6981339187
1745334796
7936333699

8090010976 .

fflgssfflffij

5678449258'

9979817559
1185860889

1904218928

2576966932

9375709421
3881952326
2043132803
0022701475

4222474460

3669399173

4943935197

5843714699
0883352208
1528878822

8275984554
3416009019
6764374295
9721533258
9943639214
2660653889
0417136414
2311161217
0913190529
2897496989
5242399978

9562293274
0110253583

 

2939845225
8232711306
7058177826
9264544456
2316136114

   

 

 

