349

353

(5)

359*

 

361

 

 

367

 

373 (1)-·

 

,-.-

lL

 

(3)-

(0) .

VERWANDLUNG GEMEINER BRUCHE IN DEOEMALBRI'J'CHE.

2968299711
4668587896

..0288184438

2103746397
8357348703

..3037249283

7020057306

..8194842406

4412607449

..0286532951

7077363896

..7932011331
,8696883852
·-8356940509
(7)··
,(9)·-

(0)..
(1)„

1841359773
3626062322

0283286118
3286908077
4345403899
7270194986

..0278551532

3927576601
6378830083

..0277008310

9445983379
1108033240
7783933518
4432132963

ι-0272479564

2343324250
2152588555
6512261580
4005449591
1983914209
0697050938
6461126005

,0268096514

1715817694
8981233243

347 (1)..6023054755 0432276657 0605187319 8847262247 8386167146 9740634005 7636887608

8155619596
253
0403458213
6945244956
170
6676217765
5902578796
8767908309
8567335243
2893982808
8481375358
4447592067
6912181303
9150141643
3711048158
9461756373
9801699716
9944289693
7214484679
072423398
0334261838
6713091922
565459610
2493074792
5013850415
9972299168
0055401662
9889196675
0326975476
6811989100

8583106267
3814713896
2806539509
1152815013
3378016085
3619302949
7453083109
3699731903
9678284182

 

 

 

 

5417867435 1585014409 2219020172 9106628242 0749279538

2564841498
7723342939

0429799426
5616045845
4555873925

5530085959
0229226361

1661891117
9886685552
1161473087
0594900849
6402266288
9376770538
7138810198
5933147632
6657381615

4401114206
0055710306

2437673130
5124653739
9750692520
0498614958
90
8392370572
8174386920
0299727520
4577656675
5367847411
4048257372
7908847184
061662
9195710455
4852546916
305630

 

5590778097
4812680115

9340974212
272206

5014326647
885386
0315186246
478510
405
81;
85;
95;
24;
30;
3119777158
5988857938

(2)-
(4)·
(6)·
(8)-
(10).

1281337047
4066852367

1939058171
6121883656
7756232686

4487534626

2070844686
9809264305

4359673024
7493188010

4441416893
6541554959
9865951742

7640750670
8900804289

9327089337
2737752161

0343839541
5644699140
4183381088
2096317280

3512747875
3994334277

-1558073654

1529745042

7743732590
7186629526

3537604456
6880222841

7451523545
5096952908
9806094182
0387811634

6485013623
1771117166
5231607629
8991825613
732970

7855227882
6273458445

2412868632
5442359249

1757925072
3832853025

5472779369

4011461318

8252148997

4532577903
3541076487
6203966005
3909348441
4929178470

5292479108
4623955431

8245125348
2256267409

7063711911
5872576177
8254847645
3490304709

9782016348
2125340599
4277929155
0790190735

0375335120 6434316353 8873994638 1

0461095100

9365994236

6275071633

0515759312

1346704871

6827195467
2521246458
6657223796
9263456090
2549575070

6350974930
7548746518

1894150417
4707520391

3573407202
2853185595
4293628808

1412742382

7738419618
4550408719
3133514986
6948228882

 

0691642651

ι
ἶ

9048991354

8645533141
3112391930

2378223495

3209169054

0601719197

3621169916
1058485821

8272980501
3649025069

2160664819
5678670360
8642659279
2714681440

5286103542
3460490463
3760217983
8337874659

0402144772 1179624664 8793565683

7077747989 2761394101 8766756032
3297587131 3672922252 0107238605

 

 

ἑ
ἱ
ι

ἱ

 

