415AE2

 

 

529

547

557

569

509Ι 1964636542 2396856581 5324165029
3713163964 8339958939 9961671995

0117878192

’7622789783

9607072691
1157367387
7976414361
1919385796

23 1912045889

8680688336
0210325047
3154875717
1890359168
8336483931

Ἰ7863894139

8179773156

ἐ6313799611
ξ9143856331
ζ2665406427
541’
J 8133086876
ζ5785581155
43456561922
ζ7208872458

1848428835

μ1719038817

’5563779794

1828153564

, 2394881170

1795331136

9174147117

1579892280
’5673149551
1 1776198934
Ξ2646536412
ξ1143339153

19851575488

1757469144

Ὶι8787346221
ῗ3936731197
ὲ9683655536

5343811394
8899893536
5520628683
0333988212
4931237721
5451955661
1013384321
5200764818
8011472275
0172084130
1419659735
9479699431
8865784499
8998109640
9281663516
7032136105
2211720226
4898336414
1552680221
9831791975
3659889994
4103512014
9955451865
8243992606
8994515539

8919449991
3457769314
6935166994
1807465618
0216110019
1880998080
1137993699
3556495353
3346989395
0191204588
3497164461
8911495174
0548204158
8317589349
0680529300
8601134215

NACHLAS&

4695481335 9518487119 8614754419
6974459714 9598849864 4499785854

7681728880
3418467583
1060903732
8605108055
6141934548
1485659655
7184894837
9173411561
2476370510
1020793950
7901701323
2646502835
5671977594

5009451795

8431001890 . .. .

9489591497
8114602587
9704251386
2698706099
7874396839
0646950092
2846580406
3953916453

0182815356 . .. .

4451413698
2351885098
0718132854
1669658886
2806394316
0781527531
9964476911
4547069271
2882249560
4411147893
2056239015

0281195079 0861159929 7012302284

3842010771
7431675944
5789969479
8949754939
1634103019
9834813499
3143871113
7584369449
6326889279
1634446397
8172231985

1173567467
8003696857
3216266173
8151571164
1866913123
4214417744
6543438977
3820840950

9928186714
8833034111

3536894398

Ι571709233
4970530451
8994391554
0098231827

9443378119
8317399617
4769994163
1414913957

3969754153
8506616257
1514177693
5387513619
7158979196
8412098298

6514953789
6799796671
7513195369
5101663385
8447319778
9168207024
6340110905
6398537477

5421903052
3195914596
7971174685

49730700177 . ..

5381882770
1119005328
6767317939
3783393739
4376098418
1880492091
9491469456

8793374777
5968028419
6092362344
9177619893
2776801405
3884007029
9420035149

7917485165
8664047151
0275049115
1119842829

4322200392

6168958742

2259332023
2770137524
9135559921
0766208251

0019193857 . ..

5998111797
8623326959
9349904397

3981185444
0888468809
7618147448
4896939145
9491493383
6767485822

1791117541
8280961182
4436229205
9519498591
1885397411
9195748613

7301293900
1480804387

0646319569
0502692998
8168761220

9751332149
1829484902
5815931594

9753954305
8769771528

3848857644

7100175746 .

3231357552
8470363288

7055449330

1344945368
0737240075
0151228733
7466918714
7429111531
3062381852

5896487985
9944547134
1756997393
7716431531
1996393141
6783733826

9173984479
6326129666
5756385968
5579567779
4145383194
4734774966

5812619502
7189191543
7839388145

6200378071
6143667296
4593571778
5557655954
1909262759
5519848771

2125693160

9353949997
7153419593
3475946119
3199193317
1476894639

1848428835 . ..

5685557586

1202872531
2046678635
8258527827

1997194795
3999586145
4494973357

7996485961
9982425307
9911116537

8371943317

4183113877
5475763916
6481149012

7371225577
6483126110

9159857994

5114235500
5571177504
7855887521

 

 

