4:14&

 

NACHLAS&

 

9214659685
0104712041

6973298429 3193717277 4869199947 6439799575 9162393664
Qaefflmvmew6aewmuovmffnfifflwmffl
0628272251 30890

5129533678 7564766839 3782383419 6891191799 8445595854
8652849740 9326424870 4663212435 2331606217 6165803108

..2198952879 5811518324
8638743455 49738; (9)Η
8848167539 2670157068

- 9518134715 9259967357

, 4611398963 7395699481

ἔ 4041450777 2020725388 6010362694 30

··7955837563 4517766497 4619289349 1915228426 3959399862 9441624365 4822335925

Ῑ 9847715736 94969913; (9) -9597614213 1979695431 4729812182 7411167512 6993553299

2791878172 5888324873 09644670

3869346733 6683417985 4271356783 9195979899 4974874371 8592964824

211055276; (0)..0502512562 8140703517 5879396984 9246231155 7788944723

3316582914 5728643216 080402010

9222797927
8082901554

3807106598
4923857868
0203045685
·-3819995477
7537688442
6130653266
··3317535545

1611374497

1206030150
6180904522
0236966824 6445497630; (2)..3222748815 1658767772 5118483412; (3)..2559241706
5829383886; (41·.7914691943 1279629853 9895687293; (5)--5492843691 8957345971

(6)..7819905213 2701421800 9478672985; (0)..0473933649 2890995260 6635071090
7219739941 7949358744 3946188349
6726457399 1931399134 5291479829

¹ 5639810426;

Η9448439493
9237668161

2735426008 9686098654 7085201793 8071748878

4349775784 7533632286 9955156959 6278026905

8295964125
..1806167400
8546255596
4845814977
..0436681222
9349344978
4279475982
--9429184549
7959914163
1888412017

5605381165
8810572687
6979295154
9735682819
7974235897
1659388646
5327519917
3562231759
9991287553
1673819742

9192825112 1076233183

2246696035

1850220264 317;

3832599118
8602620087
2882096069
0305676855
6566523605
6480686695

4892703862

2422907488

9427312775
3362445414
8689956331
8951965965
1502145922
2789799579
6609442060

(9)-

8565022421
9867841409
9449528634
3393964757
8471615720
8777292576
5021834061
7467811158
8154596437
0858369098

5246636771
6916299559
3612334801
7092511013
5249174672
4192139737
1353711799
7982832618
7682493433
7124463519

30
4713656387
7621145374
2158590308
4899829694
9912663755
39301310
0257510729
4763948497

6651982378
4493392070
370

3231441048
4585152838

6137339955
8549772532

3133947219 39

 

-.4644351; (2)· 2552391; (3) -9339543; (4) ·6569937; (5)- 9916317; (6)--7971129; (7) -74895397
(8)..2133891; (9)..4686192; (10)..4016736; (11)..0585774; (12)..0502092; (13)..7573221;
(14)--5962761; (15)- 71966523 (16) -1882845; (17)--5899581; (18) -64853557 (19)--6987447;

(21)..9623430; (22)..6820083; (23)..8702928ς (24)..4602510; (25)..1087866;

(26)--8975313; (27)- 2635983; (28) ·2259414; (29)- 99794977 (39) -7782426; (31)- 23849373

(32)..3472803; (33)..1548117ς (0)..0418410

7953941998 7136929469;

..8589211618 2572614107 8838174273;

(20)..4560669;

(2)..1327800829 8755186721 9917012448;
(4)· 9248962655 6916597519 3734439834;
(6)..8796680497 9253112033 1950207468;

..3153526979 9543568464 7392994564; (9)--9414937759 3369995859 6224966399 l
--6748971193 4156378699 82394527 (3) -8683127572 9164699953 4979423; (3)·-4493292181 9699588477 ἱ
36625511 (4) ·6213991769 5473251928 8965843; (5) -3999465929 5761316872 42798357

1
Ι ὲ (9)--9411522633 7448559679 7818939

..5809128630

2282157676;

 

