CHMHHA QUADRATURA NOVA.

ΙΙΙ. sXcotg.99 :z ——42)-†-2(13)——(29f

(Q0101010101 0101010101 0101010101 0101010101

3) 10306 1015212836 4555667892
5) 1 0515357128 1335022514

7)

1072886

9) 209

11)

13)

3435 3671737612 1518555964 0207125257
153269 4495916379 1233377703

3435

3671890881

1471414653
4670081768
111689631

ΙΙ395

15) 1

17)

0621375472
8344109925
8633643925
6617552662
8506950061
7383788077
1627118027

1186319

19) 121

22)
23)

 

0101010101

9212335579
0559046254
1020361090

3737477845
4898861083

7534424942
5561425816
5620402145
0406654464
123498281
12600
25) 1
27)

0101010101
0328548210
0127571528
3228255032

2290911973 7

3430495960
4633550708
2373699984

2725474308 7 2

0491044329
2431434654
5796595391
2856422466

1311745

29) 133

 

10153602 8955177278

6024625946 1170821347

775141201
6

6404111859
5860051584
3172623734
8370761721
3705613392

547

31)
6776182736
3318322147
8493681450
0824913332
8446897069
8512895452
48583

 

7513162840

6372940772

546

 

030101010101

0‚0101010101

0101010101
2103071425
12

0101010101

0101010101

6267004502 9668821985

1630099085
876

 

4068616962

5952599082
69783

0101010101
0111809250
4859719760
9041109610
5036494243

5880870

 

 

0101010101
8025514305
5810101330
9587196208
8395616135
5353877840
514256898
4

010
646
420
360
808
668
665

615

 

2204081538 7998024565 9791117914 9156023837 7787572825 192

 

 

3435 3671890881 6024625946 1170821347 7513162840 6372940772 546

0,ο101006665 8532190657 1973398619 8620296567 1642860997 1414632052 646

1
j

