4t1.3

 

 

 

107ἷ(1)..8878504672 8971962616 8224299065 4205607476 6355140186 915

109Ῐ

113

121

127

1314

’ἔ 137;

151

157 ί

³ 163

167

169

173

Ι79

181

 

 

 

VERWANDLUNG GEMEINER BRC'GHE IN DECIMALBR'UCHE. f
Ι

(6)- 6934579439 2523364485 9813684112 1495327162 8637383177 576
(0)..0917431192 6605504587

6972477664

--6884955752

6548672566

..8925619834
··5950413223
--3464566929

1811023622

..0763358778

5801526717

..87591240;

--43795626;

..218978103

..6187050359

9064748201

..0671140939

9060402684

..5496688741
..0662251655
..1464968152
..0636942675
.-2944785276
..0613496932
..0598802395

6299461197
514976

>..1065088757
·-6591715976
)-ι7398843936

7919675144
6869248554

..0558659217

4357541899
7988826815

..0552486187

5911602209
4254143646

2201834862
2123893805
3716814159
7107438016
1464958677
1338582677
64;
6259541984
5572519683

(2)..51094890;
(8)-·25547445;
(14)·-62773722;

7122302158
438848;
5973154362
5637583892
7218543646
6291390728
8662420382
1592356687
0736196319
5¹53374233
2095808383
6047904191

3964497641
3313669467
6358381502
508;
9132947976
8776949726
4413467821
64245810

8453638674 6331491712

9447513812
4688397796

’68;

(0)..0787401574 8031496062 9921259842 5196850393 70

(6>1-6719424466 4316546762 5899286575 5395683453 237416

(3)-

1651376146 7889968256 8867339449 5412844636

1559633627 5229357798
38532110 ¹
3697345132 7433628318 5846767964 6617699115 6442477876 1661946962 J
2926353982 36 s
52; (2)..2396694214 8760330578 513 (3)..3884297520 6611570247 93;
(6)- 6826446286 9917355371 96; f
28; (2)..7244094488

1653543367 6866141732 1889763779 5275596551 5

7328244274 8691663653 4351145638 1679389312 9776992366 4122137464 1
9694656488 5496183206 1068702290 ¹
(3)..13138686; (4)..57664233;
(9)..065693433 (10)..78832116; (11)..45985401;
(15)..53284671; (16)..394160583 (0)..07299270
2733812949 6402877697 841726; (2)..9208633093 5251798561 1510791366

(6)--63649635; ,
(12)..51824817;

(5)..91970802;

2751677852

9798657718 1268653691 3489932885

4161673825 5633557646
6174496644 2953020134 2281879194 6308724832 21476510

3576158946 3973569933 7748344376 8669271523 1788679476 19867
4768211920 5298013245 0331125827 8145695364 2384105960 26490
5356318471 3375796178 3439496445 85987261
3630573248 4076433121 0191082802 54777070
9386503067 4846625766 8711656441 7177914110 4 s
5765521472 3926386368 6981595692 6245398773 6 :
6167784431 1377245568 9826359281 4371257485 =
3053892215 5688622754 4910179640 7185628742

1656050955 4140127388

7452229299
7546012269

8980891719
0184049079
1288343558
2335320341
6167664670

2822085889

3173652694
6586826347

47337278
48520710
9942196531 J
(0)..0578034682

9349112426 0355029585 7988165680
4082840236 6863905325 4437869822
664;
5260115606 9364161849 710;

9526627218

7514792899
6462427745
3757225433
630

5251396648
2966893854

4201183431
4556213017
8961734164
9826589595
8786127167

(2)..6705202312 1387283236

6446927374 3616759776 5363128491 6261117318

7486633519 5536726256 9832462234

6703910614

2290502793 6368715083

5745856353
3480662983

 

7071823204 4198895027 6243093922 6519337016

1546961325 9668508287 2928176795 5801104972 3756906077

 

 

