 

 

405

 

 

1
1

 

 

11111

1111

 

 

1

1

   
  
   
    
  
  
   

1111111

1

111

1

1

ιιιιιρςεε)

 

11111

1

1

1

1

 

1111111

 

 

1111111

1

1

 

 

1

1

1

1
1

1

1

1

1111

1

111111

1

1

 

1

1

1

1
1

1

1

1
1111

1

1

1

1

1

 

1

 

 

 

1

1

1

1

11
111111

1

 

 

 

 

1
1
ἑ
1

 

 

 

 

 

 

 

 

11111

111

1

 

 

 

 

 

 

 

-1

1-“- 3 1
-“-”“1-;
ι-

— 1

--1

1
-Ἀ---ι-
1.-

 

 

 

  
  

       

 

 

 

 

 

 

   

 

 

3731 1

 

 

 

 

 

 

 

 

 

 

ἉῚΜᾺΚΧ]ΙΧ

 

'wem-nm mmmm

 

52

