 

  

   

751

757
761

769

797

 

Ι · 809

773·

311³
³8347718865

Ι33Ῑ557922
3382157133
ἦ321003963
1314060446

11550591327
»3429697766

2247043363

-j2851511169

1300390117

ἶ5292587776

9440833249
1293661060

4786545934

17710219922
7 {1270648030

3393630341

4358333744

’5336721728

2249047013

1354705144
3810539523
5495608531
1236093943

ι8491965389

4239802224
1233045622

2614056720

9397163995
5141800246

Ι2909987669

4500616522
4969173859

Ι1541307028

 

 

2934648581

43267570900

 

 

7696404793
8348868175
0118890356
7805519053
2010512483
0972404730
9947437583
5137976346
0351105331
3338998699
6749034707
8020698576
9676584734
3803363518
4955537318
4231257941
5997458703
0813314739
9771283354

29Ῑο9Ῑ5934
2120451693
9949811794
1396786155
3695920889
9690976514
6880394574
5980271270
0986436498
0678175092
6091345376
5437731196
8113440197
4327990135
3600493218

9975339087

6085219707 0572569906 7909454061
2490013335 . ..

7656458055

9254337563

6710700132 . .. .

8764783180
5743444152
6176084099
1387779337
9119579500
5994798439
6098829648
4122236671
9728331177
7994835355
7580853816
9326556543
5501905972
9390088945
5171537484
5108005082

7553334968
8519447929
2283563362
7478368355
9876390605
2150803461
5992601726
0369913686
1504315659
4784217016
0789149198
0542540073
2872996300
6350184956
2490752157
5462392108

1233045662 . ..

0262812089

4310118265

8685939553
8449408672
6570303333
5318595578
8946684005

3561103810

4402102496
2194480946
7989487516
9027595369
6736020806

2015604681

0013003901 . .. .

2315653298
7567917205

8357050452
6921096675

3001293661 . . ..

 

8373570520

0457433290
3621346886

1168996188
5921219822

6333713927
7365119196

9656925031
9783989834
9123252858
0559085133
1092757306

2271016311

9887076537

6097867001 . .. .

9950556242
6860321384
0630407911
2638717632
8064118372
6794081381
0295930949
5203452527
9837373613
8631319358
8434033059
8298397040
5080147965

3744138553
4252163164

 

VERWANDLUNG GEMEINER BRfiCHE IN DECIMALBRI‘JGHE.

7752956636
7148488830
1235216819
4257555847
3823915900
2418725617
4044213263

7813712807
2910737386

7662007623

8157560355
9580686149

4180432020

3361753494

1668757841
0138017565

7700865265
4004944375

0012360939 .

5534044389
3797780517
0110974106
4451394697
7435265104

8236744759
8162762022

1861898890
6905055487
4747325647

6424167694
8791615289
0419235511
9038324414
8088779284
5561035758
1948212083
2589395807
0530209617
3489519113

 

0052562417
4862023653
9737187910
5689881734

  

   

8712220762
0880420499
6438896189
5597897503

1314060446 . . ..

6853055916
9791937581

2445019404
8046571798

8881829733
7814485387
9364675984

3303684879
2820838627

9071518193
8720200752

7601977750
7735587144

2046855733
7657213316
7139334155
3033292231
8335388409
323057953Ι
8471023427
6448828606
7558569667
2071516646

7750325097
2743823146

9159120310
1888745148

1639135959
5476493011
7523336340
2884371029

7001270648

2245922208
8230865746

3090334857
6339913473

6621454993
8927250308
3637484586
8125770653
3711467324
4426633785
8668310727
6584463625
0776818742
1159062885

2516644474 0346205059 9201065246

        
     
           
             
         
             
          
    
  
   
   
  
      
   
   
   
  
  
    
   
   
  
   

 

  

