10

Ῐ 11

 

v
I 2

 

 

 

28-2. 2892. 2907.

2914- 2938· 2977· 2997- · 76
2038. 2033. 2044. 2055.
2058. 2094. 2110. 2140.

146. 2149. -165. 2217.

238. 2270. 314. 2382.

416. 2431 2438. 2497.

502.2509 2535.2536.
2556. 2583. 2607. 2703.

761. 2766. 2782. 2812.
2881. 2913. 2930..2941. 13
2973 .......... 37
2004. 2005. 2034. 2041.
2056.2134.2176(*2*) 14
2192. 2236. 2245. 2254(*2*)
2286. 2292. 2298. 2304.

2312. 2313. 2329 [*2*). 2744. 2768. 2774 .....
2343. 2350. 2356. 2454. ς 15 2096. 2189. 2264. 2285.
2506. 2513. 2528, 2560. 2321. 2330. 2378. 2406.
2569. 2589. 2601. 2628(*2*). 2444. 2526. 2534. 2537.
2655. 2674. 2686. 2733. 2540. 2630. 2684. 2690.
2742. 2775. 2785. 2817. 2694. 2750. 2796. 2813.
2845. 2847. 2848(*2*) 2864. 2889 .......
2868. 2884. 2944. 2946. 16 2180. 2201. 2336. 2546.
2949. 2980(*2*) ..... 47 2561. 2624(*2*) 2639.
2014. 2049. 2060. 2076. l 2669. 2882. 2921. 2994.
2079. 2091. 2106. 2108. 2996 ...........
2117. 2124. 2133(*3*). 17 2021. 2456. 2666. 2726.
2175. 2181. 2198. 2214. 18 2054. 2369. 2414. 2504.
2221. 2235 (*3*). 2241. 2516. 2681. 2705. 2786.
2253. 2266. 2295. 2300. 2915. 2924 ........
2318. 2344. 2349. 2355. 19 2294 ...........
2361. 2387. 2430 (*3*). 20 2714. 2756(*2*). 2936.
2461. 2522 2555. 2581. 2954. 2981 ........
2595. 2626. 2634. 2635. 21 2834 ...........
26172646(’““3ὲ“<)- 2673· Irreg. 13 (2). 6 (3) Sa.
2700(*3*). 2716. 2770.

2778. 2781. 2795. 2806.

2828. 2835 (*3*). 2862. G. VIII . .

2887. 2888. 2890. 2895, 2 2002. 2013. 2080. 2088.
2950. 2955. 2988. 2989. . 58 2128. 2170. 2233. 2277.
2057. 2061. 2150. 2154. 2392. 2632. 2737. 2832.
2166. 2177. 2249. 2250. 2968 ...... . .
2255. 2282. 2449. 2514. 3 2037. 2065. 2160. 2185.
2529. 2532. 2596. 2656. 2190. 2193. 2200. 2205.
2678. 2724. 2751. 2810. 2220. 2262. 2325. 2346.
2844. 2869. 2871. 2874. 2352. 2370. 2373. 2380.
2896. 2919. 2929. 2948. 2418. 2424. 2440. 2457.
2975 .......... 29 2472. 2485. 508. 2530.
2135. 2204. 2216 2334. 2550. 2553. 2562. 2590.
2364. 2421 2489. 2492. 2613. 2622. 2680. 2685.
2570. 2573. 2645. 2648. 2697. 2728. 2800. 2808.
2649. 2672. 2757. 2841. 2860. 2905. 2920. 2937.
2922. 2933. 3934. 2967 .. 20 2970. 2982 2992 . .
2006. 2009. 2045. 2105. 4 2010. 2016 2046. 2072.

NACHLASS.

2156.
2211.
2331.
2390.
2450.
2597-

2701. 2

2754-
2824.
2900.
2015.
2481.
2792.
2114.
2324.
2486.

2168. 2169. 2196.
2225. 2229. 2316.
2366. 2379 (*2*)
2420(*2*) 2432,
2466. 2484. 2499.
2661. 2691. 2696.
702(*2 )- 2739·
2780· 2816. 2822.
2825. 2852. 2873.
2993(-*2*) ·
2222. 2453.
2510.2679.
2826. 2901.
2144. 2162.
2354. 2384.
2501. 2525.

2'46'9J
2721.
2274.

2429.
2587.

2984. .

· 39

Ι5

22

··43

. 13 ῨΛ

2100.2112(*2*)
2142. 2208. 2232.
2256. 2265. 2289.
2320. 2328. 2337.
2365. 2385(*2*γ
2400 (*2*). 2436.
2445- 2448 (*2*)·
2465. 2470. 2478.
2496. 2568. 2580.
2652. 2665. 2688.
2709. 2717. 2745.
2790. 2793. 2821.
2850(*2*). 2865.
2898.2928.2940.
2958. 2985 . . .
5 2030. 2070. 2085.
2109. 2121. 2136.
2288. 2360. 2394.

2130.
2244.
2296.
2340.
2397·
2442.
2464.
2490.
2584.
2706.
2772.
2829.
2880.

2952.

2093
2226.
2405.
2460.
2552.
2625.
2769.
2886.
299οῖ

2409.
2541.
2610.
2670.
2838.
2910.

6 2001.

2415.
2544-
2618.
2712.
2877.
2926.
2064.2090.
2301. 2376. 2408. 2480.
2564. 2574. 2600. 2604.
2660. 2720. 2736. 2784.
2820. 2912. 2925. 2961.
2964.2976 ........
7 2024. 2120. 2210. 2345.
2616. 2765. 2870 .....
8 2576. 2840, 2849.
2960

2505.
2585.
2664.
2814.
2904.
3000..
2240.

···········

···········

,(184)....(6349621171....(η).....(.,ο«,)Ἰ

2 2040. 2145. 2280. 2310.
2520.2640.2730.2760. .
3 2184ζ2805.2856 .....

 

 

 

Summa omnium

gener.2np.p z: 4054 exsp. 405&ss ,

013ἓ3· ΜΨ = 37092 · - 37074‚3 !
..unpr.21p z: 6182 ff
Irreg. 18(*2*) 19(*3*λ Sa z: 37

· 57

22

8
3 ,

 

A.

