 

 

VERWANDLUNG GEMEINER BRUCHE IN DECIMALBRUCHE.

 

⁴* 421 (1)··

2826603325
5843230403

..2636579572

5534441805

..0237529691

7885985748

..4872389791

5916473317
9317146171

..0232018561

7414593967
7587006960

..0230946882

6120092378
7182448036
5334871979
6374133949
8914549653

1 ..4920273348

5968199339
9387143735

..0227790432

0091116173

6036446469”

)..4176072234

3950338600
9142212189

--9115733634

³ 44Q (1)··
(3)
(5)-

ῑ<7)υ

ἶ(9)·

Ι(11). ,7104677060 1336302 895 3229398663 69;
3996681514 4766146993 3184855133

μ( 13)·

4808126410
9413092550
7571383973
3674832962
.8106904231
1581191759
·797 3273942

4156769596 1995149496 1757719714 ·9643795463 1818978611

8994759593

8242280285

4465558194 7743467933

2256532066
2114014251
1185173159
1831946635
8654191343
6937354988
4849187935
5174913911
5568445475
2170900692
7528868360

9515011547
2147806004

1916859122
5796766743
5193621867
4977448747
7639979498
8018223234
1207289293
1481915717
7619796839
4514672686
6162528216
3115124153
8351144469
7900677200
4966591417

1380846325 1670378619

6258351893
4654788418
0935412026

5983135391
7814726840
1448931116
7308584686
3874799976
3990719257
0348027842
1136890951
6380510440
8406466512
2771362586
3441198545
6189376443
4918475759
6489607390
8815489749
1516195899
8619478359
6241457858
8496583143
5398633157
7291196388
2302483069
7941889399
4988713318
5159593679
9029345372
6169265033

9957683741
7981495345
7169579964

9356194536
4916864608
9139994988
8551068883
3895486935
7749419953
7981438515
5406032482
2273781902
2761020881
8352668213
7020785219
6050808314
0346420323
4180138568
5773671955
30
4305239179
7711995671
9088838268
7699316628
5979716651
4031890660
2618510158
9774166365
5191873589
1844143791
4581391776
4694966139
403
153
64;
213
583

853

(2).
(4)υ
(6).
(8)..
(10)..
(12)..1559020044
(0)..

8171021377
0760095011

1135154394
6104513064
8669833719
5961877939
0812064965
5986078886
5511941763
6705336426
4579765661
3995381961
9877598151
3156351939
1193391549
4171517311

9544419134
9817767653
7927107061
7015945330
4806378132
5922551252
0135440180
6884875846
1647855539
3159564334
5237020316
9548531731

.7461024498

4944319711

-5634743875

3763919821
1091314031

0222717149

6722090261
8764845605
1991874199
1330166270
2161520190
1624129930
1972197772
31090

3419671853
9141531322
25290

3556581986
4149411631
1699699769
4157943879
0161662817

3963553539
7585411411
503416856

2961275626
1184510250

847380410

5869574491
5011286681
4740406320
0857787810
0270880361
3769751693
8864142538
6948775955
1783964365
8262806236
1804008908

5434198449 97995545659 70·
1194899777 1818597795 19

3177999738 7173396674

7007125890

7838479899

3944315545
6218097447

8283062645
5058004640

1431870669
7944571748
9531177819
9076212471
5519639484

7517084282
3006833712

4236902050
5694760820

0993227990
7155756197
5

3837471783
1738148984
0

9755011135
6791873951
2561247216
0801781737
6859688195

έΕΙΕ)

7363419417

9761479398

1436194895

7958236658

0116009280

3712296983

7459584195
1678983833

0993071593 y
1316397228 1

9884516558 ζ

4601366742
9849546697

1138952164
9455589865

9706546275 ἶ

6749435665

2957110609
1986455981

1

s
Ι

!

1

 

 

