  

Ἣ

FREQUENZ DER PRIMZAHLEN.

-Ἇ-*ῇ--ή-ῌ--Ἦ

2200000 . . . 2300000

 

 

 

 

 

221 222 223 224. 225 226 227 228 229 230 ᾗ
1 1 I 2
2 1 1 2 3 2 9
3 5 2 4 7 2 1 2 2 2 2
4 8 9 5 5 10 7 7 7 6 9
5 ¹ 12 24 16 13 11 10 14 14 15 9
6 17 18 12 18 18 20 16 17 21 22 179
7 19 17 25 21 18 20 23 25 19 18 205
8 12 12 19 15 18 24 13 17 16· 22 168
9 ' 14 9 6 9 19 11 16 9 13 7 113
10 7 6 6 6 1 3 Ι7 5 3 44
11 “ 5 2 4 4 2 2 2 2 2 5 30
ω 1 1 2 1 2 2 1 ¹ 10
701 660—695 680 683 688 701 694 662 685 1 6849

—— = 6836‚977

2300000 0 . 0 2400000

 

Δ 1 23Ι 232 233 234 235 236 237 238 239 240 ἰ

 

 

1 1 1 1 1 4

2 1 2 2 1 2 1 2 11

3 4 1 2 3 4 3 2 6 4 3 32

4 8 12 10 9 8 7 3 13 7 9 86

5 Ι 13 18 13 14 17 12 10 13 10 16 136

6 Ῑ 15 16 21 20 16 21 26 11 14 16 176
7 22 25 20 20 13 16 26 18 19 15

8 13 9 16 21 17 15 15 15 21 16 158
13 9 6 7 14 14 8 13 14 14

0 7 5 3 2 5 5 8 7 8 5 55

Ι 3 3 4 3 3 5 1 2 2 2 28

1 3 1 — 2 1 7

1 J 1

 

 

ι 10—ch = 6816‚706

29 ἵ
73 3
138 ἐ

194 ,

112 ἵ

ἕ

2400000 . . . 2500000

ff

 

 

 

 

 

 

 

 

 

1 x1 1
2 2 1 1 2 3 9
3 4 6 4 4 1 5 3 5 3 2 37
4 12 8 7 7 9 7 10 8 6 4 78
5 13 14 17 19 15 12 18 11 11 17 147
6 18 16 21 20 18 22 18 18 20 22 ¹ 193
7 21 16 19 20 17 17 21 22 19 17 189
8 10 16 14 14 21 17 10 17 16 16 151
9 8 13 9 11 7 12 6 11 12 13 102

10 9 6 5 4 6 4 8 6 7 3 58 Ι
11 2 4 3 1 4 1 4 1 2 1 23
12 1 1 1 1 1 2 7
13 1 Ι 2 Ι Ι 5
Ι 660 690 672 657 701 687 666 672 687 674 6766

dx ῃ 6
logx - 797›394
2500000. . . 2600000
¹ t 251 252 253 254 255 256—25—7 258 259-Εό Ι

1 1 1 1 3
2 1 2 1 1 5
3 4 6 6 2 2 1 2 8 4 35
4 7 18 9 7 8 6 10 7 8 8 88
5 10 11 7 15 15 23 16 16 10 13 136
6 22 14 20 21 20 15 18 19 20 25 194
7 24 17 12 20 22 22 23 15 13 12 180
8 18 15 2ο 9 16 18 16 20 19 19 170
9 8 10 13 7 9 7 6 12 6 10 88
10 2 5 8 10 5 4 7 4 9 4 58
11 1 5 3 2 2 1 2 3 5 24
12 1 1 1 2 2 1 2 1 2 13
13 Ι 2 1 1 2 6

mmm

dx

= 6778‚960
log x

 

ἡ ι

61

