 

24533

 

VERWANDLUNG GEMEINER BRUCHE IN DECIMALBRUCHE.

,4

 

571,

 

1751313485
3695271453
2697022767

Ι4290718038

4553415061
3607705779
3012259194

· 1155866900
577Ι
6412478336

1733102253

53726169844
58786828422

{5511265164

f2391681109

ἶο849220103
ἦ 4142114384

5874

593ἰ
’2192242833

599

6011

 

1703577512
3270868824
9080068143
4633730834
1686540640

2849915682

14704890387
ζ7116357504
Ι7251264755
,9426644182

3254637436
1669449081

2687813021

6427378964

’8848080133

1663893510
8885191347
1846921797
2462562396

1138353765
5901926444
0753064798
5288966725
2959719789
3345008756
3957968476

0329289428
2218370883
0207972270
8769497400
6447140381
1854419410
9861351819

3239929947
8336252189

5989492119
0437828371
8423817863
5674255691
3572679509

μ1751313485 . .. .

0762564991
8821490467
3639514731
3466204506
2824956672
7452339688
7573656845

7487001733 - --

7768313458
5315161839
1005110732
7529812606
8094435075
0522765598
9679595278
8583473861
2158516020
4806070826
1247892074
7622259696
8030050083
7028380634
9415692821
5559265442
8153078202
7537437603
0049916805
0066555740

2623509369
8637137989
5383304940
4735945485
8853288364
6509274873
2462057335
7200674536
2360876897
3069139966
1989881956
4586846543
4724540901
3906510851
3689482470
4040066777
9950083194
9933444259
3244592346
4326123128

4605954465
1418563922
0893169877
2784588441
3975481611
7688266199
6322241681

3344887348
9376083188
3691507798
0658578856
4436741767
0415944540
7538994800

1763202725
7785349233
3747870528
5195911413
2495784143
5244519392
5817875210
2563237774
1332209106
2731871838
1551433389

8493870402

9422066549
4080560420
3309982486
2084063047
6497373029
2609457092

3535528596
9081455805
9601386481
1525129982
7642980935
7279029462
6932409012

7240204429
3901192504
1090289608
9693356047
3979763912
9173693086
7925801011
0303541315
2394603709
1112984822
5446880269

0016863406 . . ..

5025041736
4190317195
7846410684
9632721202
6755407653
5673876871
0898502495
1198003327

2270450751
3255425709
4741235392
0033388981
9101497504
8801996672
8402662229
7870216306

8021015761
9124343257
3152364273
8651488616
2854640980
7723292469
8196147110

1871750433
8925476603
8024263431
6689774696
8752166377
7383015597
1317157712

3015332197
2589437819
1771720613

8213660245

4430823117
2049036777
4623467600
7355516637
3520140105
3327495621

2755632582
1195840554
5424610051
7071057192
8162911611
9202772963
3050259965

6149914821
4207836456

2879045996

7001703577 . .. .

3102866779
0033726812
8043844856
3456998313
9494097807
9342327150
8145025295

2520868113
5158597662
3205342237

0893760539
8161888701

6610455311
6593591905
7571669477
0843170320

1096121416

5225375626

7712854757
0617696160

6360601001 . .. .

1597337770
2129783693
6173044925
1564059900

3826955074
8435940099
1247920133

1838879159
3380035026
5831873905
7005253940
4781085814
0788091068
7162872154

3223570190
5927209705
9930675909
3743500866
7850953206
6048526863

3379549393

1243611584
5587734241
5928449744

6290050590
5177065767
9730185497
5649241146
2344013490
4047217537
5261382799

0434056761
9298831385
2671118530

8752079866
8336106489
1114808652

1663893510 . . ..

 

