451

   
  
  
   
    
     
     
  
    
      
    
  

 

 

 

 

 

 

DETERMINANTES NEGATIVI. Ι
Centas 5. Centas 6. Centas 7. Centas 8. Ι
G. I ..... (10) . . (174) G. I ...... (7). . (133) G. I ..... (8). . ,(138) G. 1 ........ (6) . . . (110)
7 463- 487 9 547 9 643 13 727
9 499 15 533- 571 13 607· 631 15 739- 751- 787
15 439· 443 21 503· 587 15 619· 683- 691 31 743
31 431· 467 35 599 35 647 31 719
35 479 37 563 33 659
27 41 . 1
G,11„,.9(3339‚,(512) G-II....(40)··(724) G. ἔΙ...6-5ξ37)..(718) G.ff..}{i..(39)...(860)
3 403· 427 4 ⁵⁶²· ⁵77· ⁵33 5 613· 635· 694 5 709· 757
4 457. 466. 478 5 508· 538· 54¹ 6 603. 617. 622. 6 718. 723. 763. 775
5 412. 415. 421. 5 507· 525· 529. 628. 655. 667. 7 703. 733. 778
422. 423 543· 567 673. 676. 637 8 799
6 433. 436. 475. 7 502· 511· 535 7 604. 634. 639. 9 707. 722. 729. 747.
484 8 512· 514· 548· 653 771. 783. 796
7 447. 454 559· 578 9 661. 675 (*3*). 10 711. 724. 769. 788
8 407. 409. 452. 9 515· 519· 527· 679 11 758. 767
471 531· 556. 557· 10 601 12 706. 766
j 9 411. 428. 451. 575· 535 11 623. 662. 668 13 746. 764. 773
¹ 459(*). 486 11 551· 554· 591 12 674. 695 15 716. 779. 797
10 401. 449. 482. 1² 539· 542. 579· 13 698 16 791
500 593 14 641. 686. 692 17 701
13 458 14 596 16 611. 635. 671. 18 731. 755(*3*)
14 404 15 509· 524· 55⁶ 677. 699 20 734. 761
15 461 16 521. 559 17 614 21 794
16 446 G IV ( Ι) (6 2) 18 626 Ι
G.1v....(49). .(760) ·« 2 ’‘305j45222 52, G.IV..·.(43)..(812) G. 1v ...... (46) . . ,(796) ’
2 418. 438. 442. 553· 568. 592· 2 658. 697 2 708. 742. 793
445. 448. 498 593 3 606. 610. 618. 3 702. 715. 730. 748.
3 405· 417· 434· 3 513, 517, 533, 627· 637- 648- 753- 763- 795
f 430. 432. 435. 537· 540· 550· 669. 670. 682. 4 712. 717. 721. 732.
450. 453. 460. 555· 565. 533· 685. 688. 700 735. 736. 738. 745.
472. 473. 477. 595· 597 4 612. 632. 640. 768. 784. 785. 786.
483. 490. 492. 4 501· 513· 544· 642. 646. 657. 790
493· 496 558, 554, 573, 663 5 736· 737· 750· 753·
4 402. 406. 410. 574- 575 (*2*). 5 615. 633. 636. 754. 774. 781
414. 441. 444. 530 02³⁸). 532· 638. 649. 664. 6 704. 713. 725. 756.
468. 469. 481. 3 666. 678. 681 759. 782. 800
435. 495 5 232 572· 590 6 602. 605. 608. 8 710. 740. 749. 789
Ι 5 413. 437. 455. 6 516. 549· 594 620. 621. 650. 10 776 ἲ
1 470. 474. 476. 7 506. 530· 536· 651. 684 4
488· 489 581 7 ⁶54 G. VIII ..... (13). . .(264)
6 416. 425. 426. 8....545. 584 8 644. 656 1 750 Ι
434- 464· 497 9 ⁶29 2 720· 765- 777- 793·
7 494 G. VIII . . (12) . . (200) 10 ⁶89 798
G. VIII. ..(8) . ,(120) 1 520 ” G.VIII. . (12). .(216) 3 705. 714. 728. 741.
1 408. 462 2 504. 510. 525. 2 609. 616. 624· 744. 780
2 420. 429. 456. 528. 552. 561. 630. 645. 660. 4 770
465. 480 570. 585. 600 672. 690. 693.
3 440 3 546. 560 3 665. 680. 696.
Summa 336 . . . 1566 Summa 347.. . 1729 ’ Summa 350. . 1884 Summa 356 ...2026
ι lrreg. 1 Irreg 2 Irreg. 1 Irreg. 1 .

