464

   

 

      

 

 

 

 

         
       

 

        
               
           
    

 

              
             
          

 

   

 

 

 

 

ξ Centas 117 11694 Centas 118. 11775· Centas 119. 11374
f G 1 „1( ). (147) 16 11629. G I. ...(5)..(319) 11796 G.I....(7)..(505) 19 11841
147 11699 11665 39 11743 17 11761 31 11863 20 11822('³‘2*)-
⁷ G.11..(35).(2896) 17 11672 41 11719 18 11754. 39 11817 11836-
“’ 16 11617 18 11601. 63 11731 1177Ζ 47 11887 11847·
13 11698 11627. 81 11779(*3*) ’19 11706 61 11839 11858.
19 11677 11637, 95 11783 20 11716. 75 11867 11866
20 11614 11664 G.11..(28).(2560) 11768 113 11807 21 11859.
22 11668 19 11687 18 11707 21 11724. 139 11831 11888
26 11647 21 11644 21 11767 11799 G·H ·· · (23) ·(1990) 11898
27 11643. 23 11618 22 11727- 22 11703- 21 11878 23 11829
11583(*3*) 24 11615 11758 11732. 24 11806. 24 11826.
29 11663 25 11693 25 11734 11749 11812. 11889.
30 11602, 26 11604, 29 11722 25 11709. 11854 11896
11623. 11669. 30 11755 11769. Ι 27 11851(*3*). 26 11834.
11659 11679 31 11701. 11780 11881 11894
35 11686 28 11646 11708 27 11795(*3 *) 30 11875 27 11804.
35 12603, 29 11630 33 11702. 11798. 33 11884 11810.
11631, 32 11666, 11763 28 11786 39 11852 11861
11633. 11684 36 11762 29 11721. 40 11833. 29 11882
11667. 33 11624 39 11747· 11741. 11897 35 11870
11671. 35 11606 11787 30 11774 43 11821 36 11849
11689. G. V111(27).(2248)1 40 11791 34 11729 45 11871- 37 11885
11691. 6 11610. 49 11789 11744 11899(*3*) 42 11891
11695 11620. 50 11794 G.VIII(23)·(1744) 49 11813· 43 11364
¹ 37 11642 11628, 53 11751 4 11713( *3 ²⁶) 11846 G. VIII(22).(1688)
Ι 42 11657 11656, 54 11723 6 11715. 52 11876 4 11872
ε 43 11625 11680, 60 11711. 11718. 54 11828. 6 11817.
45 11611 11697 11771. 11748. 11843(*3*) 11845.
¹ 51 11621 3 11605. 11777 11752 58 11855 11869.
ι 54 11619 11622, 61 11735. 7 11720. 70 11801 11895
56 11678 11658, 11738 11742. 72 11819 7 11830.
¹ 59 11612 11670. 65 11759 11778 75 11879 11899
, ⁶3 11675 11682 73 11717 8 11712. G.1V.(44).(3608) 8 11805. ²
Ξ 67 11639 9 11613, 87 11756 11725(*2*). 8 11848 11808(*2*).
70 11636 11655 98 *11714 11753· 9 11803· 11877
³ {³ }}2⁵⁴<*3*2 ¹0 1¹2¹} G·{V·§‡3}÷<³¹00> {1332 {133} ⁹ {1232-
ξ 1 51 1 2 . ι ·
G.⁹1‘{r..¹<¹3⁶58>¹.<2672) 11 {12}ss 13 {13²3} 9 {1323 ¹⁰ ἓξὲξ· 10 ἓξὲξ.
ζ 8 11650 12 11648. 11 11740. 10 11792 11 11815 11900
¹ 9 11608, 11661, 11757 11 11736 12 11823 11 11837.
11692 11700(*2*) ι 12 11733. 12 11739. 13 11838 11868
11 11638. 13 11634. 11737· Ι1745 14 11842· 12 11344·
11653 11645. 11788 15 11766 11892 11886
12 11635. 11649 14 11728. 16 11780 15 11824. 16 11814.
] 11641.' 14 11690 11746. 18 11726. 11853. 11840
Ι 11673 18 11660‚ 11764 11765 11883 11816
13 11632. 11696 15 11710. G.XVI.(4)..(320); 16 11857 G.XOVI. (4). .(304) .
j 11674 1160911773· 4 11760 18 11809. 2 11880 ἱ
Ι 14 111652. G. 2XVI. (2)9. (128) 11793 5 11704· 11811. 4 11832
Ι 11662 3 11685 16 11705. 11730 11835(*3 *). 6 11856.
4 15 11607. 5 11640 11775· 6 Ι1781 11873. 11865
ξ Summa 459 . . . 8091 Summa 469. ,8043 Summa 469.. .8095 ἱ
Ι Irreg· 3 Impr, prim, 133921rreg. 4 Im})1.pllm.136911'1'eg. 6 Iml)l.1337 Ι
m

 

 

