434

 

ε
2

 

 

 

9913

9971

1009081735

ι38345ῐο595
4571140262
3370332996
0807265388
3067608476
9656912209
1003009027

ῖ2998996990

6205852674
3582240161
3612512613
9727547931
4964682139
2865792129

0665993945
4530776992
5226952573
3824429778
2532795256
1624621594

8890010090 .

0812437311
9729287562

1566-001003 ,..

9358074222 6680040120

6880641925

NACHLASS.

5095862764
9364278506
1584258324
0020181634
4076690211
3491422805

7773319959

8839556004
5590312815
9243188698
7124117053
9071644803
2472250252

3620832497
8796389167

   

0363269424
3380423814
9845620494
4823329878
2290625539
2704339051

4924774322
5025075225

823410698ξ
3289606458
4500504540
9101917255
8587285570
4631685166

9689067201
6770320932

6639757820
1231079717
8678102926

2976791120
1311806256

4984863773

6048144433
7983952855

 

