4432?

 

9471 1055966209 0813093980

953

961

967

Ῐ7645195353
ξ4551214361
ξ7750791974
ῥ3315733896
ξ5205913410

ἐ1049317943
{3200419727
{7261280167
s0146904512
1448058761
-1416579223
6820566631
5802728226
27193321091
0954879328
j9412381951
{4207764952
ξ....
{1040582726
Ι0208116545
{0041523309
ἶ2008324661
14401664932
{4880332986
1034126163
Ἰ2295760082
.9896587383
’5770423991

 

7486800422
1404435058
6568109820
5153115100
7708553326

3368310598
1773347324
8908709338
0671563483
8048268625
5047219307
6894018887
6526757607
2906610703
4365162644
7313746065
7806925498

3267429760
2653485952
0530697190
8106139438
3621227887

4724245577
3919338159
7300930713
6608066184
7269966928

10010341261 .. ..

 

9926082365
3864836325
0781414994
4857444561
3167898627
2935586061

1112277019

2392444910
9296956977
7355718782
3934942287
4501573976
7229800629
5550891920
0430220356
2812172088
0577124868
4260230849

6659729448
1331945889
4266389177
0853277835
6170655567
5234131113
2554291623
5470527404
0744570837
6452947259

NAGHLAss

3643083421
2375923970
7201689545
7740232312

2439281942
2460401267

9370409233
8079748163
9643231899
7911857292
5131164742
9150052465
5907660020
2518363064
7681007345
1427072402
8352570828
9475341028

4911550468
6982310093
9396462018
5879292403
1175858480
4235171696
5780765253
3433298862
6421923474
5656670113

 

3305174234
4329461457
9345300950
5659978880
9778247096
1594508975

9979013641
6935991605
2654774396
7597061909
9171038824
8971668415
9363533667
0083945435
2256033578
9380902413
9611752360
3315844700

2622268470
6524453694
7304890738
7460978147
7492195629
1498439125
3609100310
4612202688
6639089968

7538779731

4244984160
2333685322
3695881731
6758183738
0929250263
7127771911

1332633788
4564533053
6421825813
7586568730

,7639034627

5299055613
3662119622
4669464847
1741867785
4312696747
9653725078
9443861490

3433922996
0686784599
8137356919
7627471383
5525494276
9105098855
2378490175
7280248190
9762150982
1271975180

5068637803
0696937697
7845823933
1203801478
9915522703
2988384371

0377754459
5152151101
2214060860
3252885624
4921301154
8509968520
2455403987
8488982161
9391395592
1143756558
6988457502
0314795383

8782518210
3756503642
8751300728
9750260145
7950052029

5902851108

9936642027
4741288278
3526927138
2734952481
7001055966

6012591815
7838405036
4407135362
3441762854
2497376705
4616998950
4081846799
5949632738
8646379853
2371458551
6232948583
0010493179

 

1977107180

0395421436
4079084287
6815816857

1363163371

3590030405 - ·

8014477766
2792140641
4198552223
9720785935

2874870734
1582213029
3712512926
8841778697

 

