II.

NACHLASS

<20142357¹42 8571428571 4285714285

3) 29154 5189504373

5)

1778425655

5 9499018266 1986077229
7) 12142656 7890201240

9)
11)

13)

15)

 

2478 0932222490
5057333106

1032108
210

17)
19)

7142857142
9766763848
7257095257
2509644305
0490308090
6306222511
7972715555
6344484227
429866221

87727

21) 17

23)

25)

 

Acotg.70 z 2(2)-2(13)—‡(29)

8571428571 4285714285

3965014577
9282441839
1546792335
6745213631
8552396982
6146643346
6644111559
2709519206
8002593779
9036327059
3ῆ38η5

7456
27) 1

29)

31)

2594752186
7096447908
0693284989

0887896588 7

3736915897
3229334064
8665965170
4407891013

4298858753 ⁶

9549856909
9306030583
7399858373
5217836705
3105680
633

33)

714

 

9718 1729834791 0592808551 9922254616 1321671525
1734665 2555743034
459757555

 

14

9718 1731569456 3608309155

3215663472
1482383864
0422965615

4617

5043272185

 

1649541762
7141126998
1776274103
2526452304

1588609

 

(10142857142 8571428571 4285714285
1 1899803653 2397215445
275 3436913610

79392

Q0142857144 0471232500 0119922734
9718 1731569456 3608309155

7142857142
9451419051
0054478676
9844055042

25286248

6518096163
5043272185

8571428571
5856488367
7416134847
7395895642
3100559953
8525539383

298

0866047064
4416655304

 

050142847425 8739663043 6511613579

 

1474823977

6449391760

 

7531584062
1527612141
3976083263
9911064344
1805203092
8230696981
563623581
20

4416655304 3545867487 890

4285714285
9419289581
8987544065
0248410312
3200464177
8073802709
2695994334

107092

6911326560
3545867487

3365459072

 

 

 

714
721
419
651
252
997
943
446

3

146
890

256

 

