 

661

 

 

ᾗ 683

691

701

 

Ι
1

⁴
ι

5235204855
0561456752
8437025796
1107738998
2321699544
6509863429
2959028831
7708649468
1512859304
3615733736
2541603630
1485884101
6151560178
0267459138
1477104874

47858197932

0605612998
7621861152
4948301329
1464128843
4377745241
8389458272
8184480234

ἱ1771595900

1447178002

4095513748

Ὶ3690303907

1426533523
8815977175

42082738944
j0071326676
ξ1440798858
ἷ7104136947

7503566333
9572039942

VERWANDLUNG GEMEINER BRUCHE IN DECIMALBRUCHE.

 

8421851289
6555386949
6616084977
4825493171
7647951441
4385432473
5629742033

8330804248
9241274658
2382397572
4719271623
5781487101
4446130500
3839150227

8922610015 .. ..

0847201210
7624810892
8623298033
0401188707
3060921248
1872213967
4460856720
0531757754

5228951255
1418020679

2874432677
5869894099
2829046898
2808320950
1426448736
3105497771
8271787296
8005908419
539143279Ι
4682422451

3943870014 . . ..

3382137628
5812591508
3279648609
2606149341
4392386530
8943560057
1910274963
3806078147

5378031383
4636233951
3651925820
1768901569
7731811697
2182596291
8088445078

9386590584

’1112737920

0527086383
0775988286
1420204978

 

8619119878 6039453717 7541729893

5735963581
0789074355
6722306525
6691957511
7587253414
6176024279

7609682299
8487140695
6384266263
9658246656
9985141158
1738484398
8980797636
4977843426

7282127031

9940915805

9370424597
6017569546
9692532942
0380673499

0146412884 . ..

 

8871201157

8205499276
6121562952

7375178316
4978601997
2567760342
1868758915
5748930099
0128388017
4593437945
8787446504

 

7424023154
4109985528
2431259044

6904422253
1469329529
3680456490
8345221112
8573466476
1184022824
7917261055
9928673323

1836115326

0834597875

0379362670
3808801213

2640364188
2109256449

5461422087
9152798789
2375189107
7607726597
9895988112
2169390787
6322008862
8833087149
0192023633
0221565731

3645680819
1200585651
8989751098
2679355783

8480463096

2199710564
8625180897

9229671897
2439372325
7275320970
6961483594
4621968616
5363766048
6348074179
8231098430

2518968133
5690440060
7132018209
9605462822
1638846737
1654021244

7458396369
7125567322
4130105900
3254086181
9271916790
5185735512
6292466765
1875923190
6779911373
1669128508

9121522693
5373352855
0966325036
3089311859

9609261939
3994211287
2503617945

2895863052
2496433666
0427960057
8644793152
2624821683
5021398002

7432239657
8131241084

659 1517450682 ·8528072837 6327769347 4962063732 9286798179 0591805766 3125948406

7784522003
5356600910
6980273141
4081942336
4582701062
4810318664

3095599393

1376701966

2390317700

425355

6767830045
0349013657
4704097116
1229135053
8740515933
2154779969

6433990895
0197268588

7170953101
4538577912

1512859304 . .. .

{778603268
4903417533

9450222882

4323922734 i

6300148588 . .. .

1403249630
5465288035
7075332348
1240768094

9970717423
0512445095
6032210834

4436310395

2185238784

9884225759
0072358900

7817403708
1911554921
0613409415
6390870185
3095577746
8530670470
6319543509
1654778887

7237813884 '

4505169867
5967503692
5347119645

1332357247
1683748169
5534407027
3147877013

3704775687
7684515195
1447178022

9871611982
5406562054
1212553495

4493580599
0770328102

7560627674
2724679029
3038516405

 

 

 

ἦ

{1355206847 3609129814 5506419400 8559201141 2268188302 4251069900 .. ..

· ε
‚ Ι
⁴ 1
1
.
ζ .
i --j
ἲ
1

ΙΙ, ῦ’7

