415343

ΙΙ NACHLAS&

5430183356 84062 0592 3 8363892 806 7700987306 0648801128 3497884344
1141454160 7898448519 0409016798 3074753173 4837799717 9115518913

 

709 {1410437235
964 390691

1466854714
9633286318

ἑ
f
r

    
 
   
     
     
   
   
    
   
    

719J

727}

7331
739Ξ

743

7588151317 1114386459 8015387870

33102 961918
492 224 5952 0
71693935119
76826516220
’8193370944
Ῐ7916657
1390320584
75311934631
;0695410292
ἰ2656467315
ξο347705146
1375515818
ἔ6602475928

263

ἕ1691884456
6121045392
γ9381017881
77028885832
9738651994
ἷ474552957 73

,1778541953

1946403385 0493653031

4513399153

8871650211 5655853314
0282087447 1086036671
9929478138 2228490832

7517630465
1446453407
4315451016
0723226703
7162726008
0361613351
4319119669
4731774415
6712517193

2530

6396148

02⁶ ..800

1870701513
4979367161
5900962861
1314611733

5337001875 · · ··
29 Ῑ1371Ἆ4 112 4ο 828532 235 9396433470 507 5445816 1865569272 9766803840 8779149519 8902606310 0137174211

12 5642 56480
1353179972
ξ5656292286
{2043301759

1345895010
74212651413
74885598913
Ξ1991924629
,9484724091

{0148048452

 

,0619111709

Η18 810368
9364005412
8741541615
1339648173

12341001353 . .. .

1884253028
1897711978

7376586741

444187719Ι
5104311543
6898470097
7551155771
3449135048
8776077885
8761035763
4057771664
9477303988
9491059147
5557083906
0674002751

7135113104

1397743300
4400564174
8899858956
5175035160
3681241184
1579689703
9605077574
8108484005

3574408901

9054242002

6787104450

4231311706
8941171073
2764456981
9308885754
7671778561
8081805359
0479548660
5631813365
1517385157
7816411682
6258692628

9527121001 .. ..

4111791197
3741403016
9958734515
1801925722
4649143466
0316368638
9518569463

1114167812
1348005502
4470416409
1458046767
1998614484

2393397524
5488308115

6290550070
3427362482
6643159379
5839210155
3540197461

6614950634

0846262341
7858136300
3018080667
8929068150
6509040333

9198486931
0631737176
9037138917
5378266850
1815680880
0715268225
5433187481

5218617771

3695345557
4076163610
1480959097
2129760225

6967559943

5091678420
1227080394
7193229901
3201692524
6699576868
5825105782

3258110014 . ..

4171461751
5938803894
2086230876

7969401947

5997148968
4786795048
0976616231
0687757909
3301137964

5845941118
8060522696

0719013383 7689133415 0343878954 6079779917 4690508940
0907840440 1650618982 1182943603 8514442916

1499311141

4339360111
1976356050
2169680111
1488178025

3631361760 f
1430536451
0866574965
1159559834
2365887207
3356158596
0110041265

8528198074

0935350756 5

3491496589 3587994541 9740791168 7585166030 0136415648 ·· ··

7198917456

0216508795

1691474966 1705006765

1070365358

5926928281

1637954139 5693135935
4656796769 8519515477
1839838491 5975773889 6366083445
8788694481 8304172274 5625841184

5208613728 1292059219 3808882907

ἳο430686406 4602960969 0444145356 6621803499
2207267833 1090174966 3526244952
εο363391655 4508748317 6311147644 6837146701
ἰ5437415881 5612382234 1857335127 8600269179

2866756393 0033458950 .. ..

 

6698240866 0351826792 9634641407 3071718538

8998646820
4614343707

3970390309
7927321668
4912516823
3876177658
1331436069
3170514899

8936741934 0511440107

5571005383
0040376850

0170635994
7131158457

5558546433
9098150336
6877513553
1426648721
9865410497
0578734858

5800807537
6056527590

 

5872801082
3748308515

3781965006
4737550471
1628532974

3997308109

9811574697
6810228802

6716016150

0121130551

8479138617

  

5439783491
0338194993

7294751009
0631570659
4179946164
9596131493
1736104576
1534320328
7402422611
8169582772
1870794078

    

 

 

     

