 

 

(HRCULIQUADRATURA NOVA.

I. Acotg. 5 z (ffb-(13)-

26684971 0210071265 7279572372 8848455203 4183360499 1499728341 833
364 7220869565 2173913043 4782608695 6521739130 434

4977954329 5694145758 6618876941 4575866188 769

(43) ....... 204560302 8420465116 2790697674 418

(47) ······· 299441 4645858042 5531914893 617

(51) ....... 441 5293752324 0156862745 098

(55) ........ 6550690367 0843578181 818

(59)Γ ........ 9770521 2254817540 338

(63) ....... 14640 2730743726 600

(67) ....... 22 0259630730 860

(71)ἵ..4..... 332561019 920
(75) ....... 503719 091
(79) ....... 765 142

(83) ...... 1 165
(87) ....... 1

 

26684971 0210071630 9478396268 6921374192 0505397169 7498644659 104
02000640569 5190437336 8654456654 4566544566 5445665445 6654456654 456
7710131 0688316235 2941176470 5882352941 1764705882 352

185127900 6896551724 1379310344 8275862068 965

260673 0412205651 4831745270 7696610135 634

7830238 1276333963 9002267573 696
(53) ······· 16 9947155749 8300377358 490
(57) ........ 252833663 2909752140 350
(61) ........ 378007 0506907695 003
(65) ....... 567 5921253449 092

(69) ........ 8555011744 329 ;

(73) ------- 12937990 364 z
(77) ...... 19625 419

(81)..... ,29 850
(85).......45

0,2000640569 5198147467 9528161463 4824308667 9015775954 9600162348 045
26684971 0210071630 9478396268 6921374192 0505397169 7498644659 104

 

0,-1973955598 4988075837 0049765194 7902934475 8510378785 2101517688 941

ἱ

IL

75

