 

 

 

Centas 43.

(7)

ξ7 4243
4219
4231

(42 5)

4271

4298

4263.
4285.
4293·
4294-
4300(*3*)
11 4215.
4238.
428L

12 4212(*2*)

4232.
4251.

4275(*2 *)

4292

13 4202.
4206.
4208.

4234
14 4205
15

4266

17 4269

18

4268

19 4254
20 4214

(}.xs111(22)..
4218.

4257·

3

4272
4

4278

4230.
4233·
4242.
4264.

.. 4284
ἶ (1.1V.(38).(1780)
’ 6 4225.
4237·
4288
4210.
4213
4228.
4249
4236.
4246.
4255-

6

4277
7 4209
7 8
4296
9 4280
4256

‹J- ὶζΧΙ. (1 M)
3 4290

Ξυωηηι 4ss....

4235·
4250.

4220.
4265.

4216.

4240.
4260.

4270.

4245·
4248.

4221.
4224.

 

·(4ὃη

4821

DETERMINANTES NEGATIVI.

Centas51.

(4 I. ..(8)..(546)

25
45
57

5023
5003
5059
5ΟΙῙ
5087
5039
5051
117 5099

(4. 11. (22). (1104)

11 5077·
5098
5047·
5062
5086
5007.
5041.
5042.
5063
5027.
5043-
5091
5095
5071
5067.
5078
5009
5079
5021
5006

5036(*3*)

5081

·(51)·(2728)

5020.
5065.
5083

5038

5002.
5008.
5017.
5058.
5089

5013.
5014.
5035·
5050.
5055·

5068(*3*)

5097
5026.
5028.

5044·

10

5052.
5053·
5056.
5072.
5092
5093
5022.
5076
5029.
5090
5046.
5074
5019.
5030.
5094
5012.
5031(*2*)
5004.
5033·
5034·
5048.
5054·

5069(*3*)ῆ

5075(*3ss)
5001.
5018
5057·
5084
5οῙ5
5024.
5045
5066
(}.WJIII(16). (784)
3 5032
4 5037
5 5061.
5080
5010.
5025.
5049·
5070.
5073·
5082.
5085.
5088.

19
20

22
26

6

5100

8 5064

9 5096

10 5060
G.XVI . (3). (128)

2 5005

3 5016.

5040
Sunnna 424...5290

 

'Centas 6L

(4 1.. ἓξὲξ ’(353)

6043
6067(*3*)-
6091(*3*)
6079
6047
6011(*3*)
..(22).(1440)

6073
6022
6037
6087

2 6082.
6092
6098
6031.
6053

6046
6038
6019
6029
6059 ·
6023
6051
6002
6071
6044
6089
6074
(ἒ ΙΧῙ.(53).(3012)
7 6013.
6028
6001(*2*λ
6052(*2*)
6015.
6021(*3*)
6055.
6063.
6064.
6070.
6076.
6078.
6085(*3*)
6010.
6034.

6049.
6058.

6088.
11 6012
12 6003.

8

 

9

6075(83*) ’

G.V'⁹i11 .

, 459

6004.
6008.
6025.
6027.

6057.
6066.

6077.
6084.

6099
6100(*2 2*)
6033·
6094
6062
6017.
6039.
6050.
6081.
6093.
6016
6065.
6083(ᾁ3*)
6009
6036.

6054
6035.
6095 ,
6014(*2*f
6068.
6086
6056
6005
28 6026
0 6041 k
(14)·(768) ,
3 6097 ³
6040.
6042
6018.
6024.
6030.
6048
6032.
6061.
6069,
6080
6060
6020.
6096

6

9

10

(4.Χ41.(ῃ (2ffl

3 6045·
607 72.

6090
4 6006

 

 

Irreg. 11

Sununa 439. ,5781

 

Impr. 933

-* ww«=

