 

 

Q Irreg.

{Centas23.

Ξ-ῆῤ
1
ἱ
1 Centas 2 2148„
ζ (3. I. .. (5). .(149) 2157.
ἴ 13 2143 2163.
21 2179 2172.
27 2187 Q 3 *) 7 2110.
39 2131 2140.
› 49 2111 2146.
(Ξ.ΙΙ..(33),(1174) 2149.
’ 8 2113. 2165
2137 8 2134.
9 2122. 2176(*2*)
2167. 2192
2188 9 2106.
10 2164 2108.
11 2182 2117.
12 2107. 2124.
2116 2133(*3*)
13 2102. 2175.
2197 2181.
14 2127 2198
. 15 2151. 10 2150.
ξ 2191 2154.
16 2153. 2166.
2194 2177
17 2103. 11 2135
2119 12 2105.
18 2155. 2156.
2161. 2168.
2199 2169.
21 2123. 2196
2138, 14 2114.
2147. 2144.
2171. 2162
2183. 15 2189
2186 16 2180
24 2195 (}jV]II.(14).(424)
28 2129 2 2128.
30 2126. 2170
2159 3 2160.
32 2174 2185.
39 2141 2190.
(Ξ.ΙΣῙ.(46).(1592) 2193.
5 2101. 2200
2118. 4 2112(*2*)4
2125. 2130.
2152. 2142
2158. 5 2109.
2173. 2121.
2178 2136
6 2104. 2120
2115. G XV71. (2).. .(80)
2132. 2 2145
2139. 3 2184

 

ψὸυηυῃᾶ 399.. 3419
Impr 585 Irreg. 4

4

L-„-.-.„--.-

 

 

NACHLAS&

 

2278

(}.I....Q7)..(217) 7 2217.
15 2203 2238.
21 2251 · 2270
29 2287 8 2236.
33 2267 2245.
35 2239 2254(*2*λ
39 2207 2286.
45 .2243(*3*) 2292.

(Ξ.ΙΙ..(29).(1084) 2298

7 2293 9 2214.
9 2221. 2221.
2227. 2235(*3 *).
2283 2241.
10 2281 2253.
11 2215. 2266.
2263 2295.
12 2209 2300
13 2218 10 2249.
14 2258 2250.
15 2237. 2255.
2269. 22 82
2284. 11 2204.
2299 2216
16 2206 12 2211.
17 2234 2225.
18 2228 222 9

Α 20 2297 13 2222

21 2213. 14 2274
2259 15 2264.

22 2271 2285

24 2273 16 2201

27 2252. 2294
2291 G. VIII. (17). 584)

28 2279 2 2233.

29 2231 2277

1 32 2276 3 2205.
36 2219(*3*) 2220.
39 2246 2262

'(}.lx'.(46).(1612) 4 2208.

4 2212. 2232.
2242. 2244.
2248. 2256.
2272 2265.

5 2202. 2289.
2230. 2296
2247. 5 2226.
2290 2288

6 2223. 6 2240
2257. 7 2210
2260. 2261
2268. (3. )(WJI. (11).. (32)
2275. 2 2280

Sununa 401.„3529
hnpn

571

 

 

 

Centas 24 7 2314·
(}.I.. ..(7)..(291) 2382
15 2347 8 2304.
29 2311. 2312.
2383 2313.
39 237Ι 2329(*2*)· ς
57 2339 2343· ’
59 2399 2350·
63 2351 2356
(}.II..(32).(1106) 9 2318.
7 2335 2344·
8 2302, 2349.
,2398- 2355·
’ 2377 2361.
ἱ 11 2326. 2387
2374 11 2334·
12 2307. 2364.
2323. 12 2316.
2395 2331·
1 13 2362. 2376.* *
Ι 2367 2379( 2 L
⁵ Ι4 2359 2-399
15 2303. 14 2324.
2319· 2354·
2341. 2384
2363 15 2321.
Ι 16 2386 2330.
17 2333· 2378
2389. 16 2336
2391 18 2369
ι 19 2381 G.VIII.(20).(648) ¹
20 2375 2 2392
21 2342. 3 2325.
2348. 2346.
2357 2352-
24 2327. s 2370.
2372 2373-
25 2396 2380
27 2315(*3*) 4 2320·
30 2393 2328.
32 2306 2337.
33 2309 2340-
¹G.1V..(40).Q1520) 2365.* *
4 2332 2385( 2 λ
2353· 2397-
2368 2400(*2*)
5 2398 5 2360.
6 2305. 2394.
2317. 6 2301.
2322. 2376
2338- 7 2345
2358. (},}(Xs1,(1)‚ .(32)
2388 2 2310 ¹
Ι Sunnna 407...3597
1Irreg.5 Impr. 611 Ι

ζὴ

 

 

