74

A
B
O
D

A.

B
Ο
D

 

 

THEORIA RESIDUORUM BIQUADRATICORUM.

2)::37
9=2f=ffl
1, τ, 9,10,12,16,26
2,14,15‚18‚20,24,29
4 3, 4‚11,21,25,27,28
ξ 5, 6‚·8‚13‚17,19,22

2²²² 41
y::=6‚⁹f:: 32

ι 1, 4,10‚16,18,23,25‚
6,14,15,17,19,22‚24,
2, 5, 8, 9‚20,21,32,

 

3, 7, 11, 12, 13, 28, 29,
22:53
y:=:2‚]?=:30

ι 1,10,13,15,16,24,2&
2, 3,19,20,26‚30,31,
4, 6. 7. 9‚11,17,25,

 

, 5, 8,12,14,18,21,22
])Ξ;61
9εΞΞ2,υῐΞΞ11

,33‚34

,31‚ 32
,30,36
.23,35

31.37,
26,27,
33,36‚
30,34,

36,42,
32‚3a
29,3z
‚23,27,

40
35
39
38

4&
3&
3&
3&

4&
41,
40,
34,

1,9,12,13,15,16,20,22,25‚34,42‚
2,7,18,23,24,26,30,32,33,40,44,
3‚4, 5,14,19,27,36,39,41,45,46,

ι 6,8,10,11‚17,21,28,29‚31‚35,37,

22==73
92:25,„f== 27

47,49
45,4s
43,52
50,51

47,56,57,55
50‚51,53,55
48,49,52,60
38‚43,54,59

Ι 1, 2, 4, 8, 9,16,18,32,36,37,41,55,57,64,

5, 7,10,14,17,20,28,33,34‚39,40,45,53,56,

3, 6,12,19,23‚24,25,27,35,38,46‚48‚49,50,
11,13‚15‚21,22,26,29,30,31,42,43,44,47,51,

δᾶ
59,
54,
52,

69,
6&
GL
58,

7L
66,
67,
6&

72
68
70
62

