 

 

 

 

 

 

 

 

 

 

 

 

 

 

       
   

2 10,7853981633 9744830961 5660845819
5 ξο,4636476090 0080611621 4256231461
13 70, 5880026035 4756755124 5611080625
17 30 24497 86631 2686415417 2082481211
29 0 380506377 1 1236486630 3587 916810
37 0 1651486774 1462 7683 782 7 91282 89643

8757110491
2144020285
0854276017

4331044974
9435540983

1151019549511 3633160607 3096156443 5336089154 4173156031 037

 

010031573174 7000585734 4985154359 5345750368 4707304105 6617003943 651

TABULA ARCUUM TANGENTIBUS PRIMIS DATIS RESPONDENTIUM
IN PARTIBUS RADII AD 1 10 FIGURAS.

 

9134984377 6455143736 1480769541
37 05428612 0263810933 0887201978 6
0714605591 4353716047 1071

0571365810 0837576305 623
8

 

⁴ NACHLAS& (HRCULIQUADRATURAINOVA.

Μ IX& AAcoffp307 z:-—3(2)4-3(5)4—(13)4-(29‡ ὲ
4
! fffff 111- - Α ι
j εωῑο32573289 9022801302 9315960912 0521172638 4364820846 9055374592 833 ἶ
Ξ 3) 345 6088648397 3443000195 0769987174 1094169316 1556813471 597 ῐ

³ 5) 36669764 6489336152 1087234559 3817877050 8899421286 416
j 7) 389 0731490417 1580304164 8671007839 6174855960 501 2
s 9) 41281419 3298311709 4522474201 4009658191 131 ἰ
J 11) 438 0037913381 6985798496 2620441698 672 ’

5 13) 46473043 8878046300 7405517516 808

ῖ 15) 493 0879154719 3741187143 551

ff 17) 51317576 3638805103 367

i 19) 555 0995380734 067

1 21) 58897127 616

13) 614 909

0,0031 115 1019549465 7814333365 0156661391 3698056441 0518941157 199

55 5818927202 4654329166 4095858262 8039265137 214

39 8185264852 8816890772 3874585608 970

32 8725283647 9582812482 903

29 2157651617 582

27 169

115 1019549511 3633160607 3096156443 5336089154 4173156031 037

0,0032573289 9022801302 9315960912 0521172638 4364820846 9055374592 833

7333951 9197867130 4117446911 8763575410 1779884157 183

4586824 3699812412 1613608244 6001073132 347

3574849 5198311153 9031193655 139

3077504 4919919711 961

2804625 124

00032573289 903 01352 55 8618414966 8442006812 00433932 760 07902 59974 688

 

