 

ᾗ 379Ξ(6)--6163851141 7446633145

³

4854881266
5319815363
6068601583
1662269129

..0261096605

8485639686
0783289817
5456919666
1349869451

..0257069408

6766915449

4967651715

3815857519
6395778364

4366791556 1 - -

1134564643
1875989445
7441153163
6840731070
1313759791
0522193211
6971179373
7463598971
8714652956

7794722955
9102902374
7675718615
4966835569
1227154046
4882506527
3681462140
7223650385

2982005141

NACHLAS&

6701846965
6657963446
1383812010
9973896339
4151436631
9921671018
6041131105
3881748071

6991684431
4751958114
4438641197
4155874673
3315916891
2767624020

3984575835

71767810

5436869399
6501305483
6292428198
9563916449
8877184595
4755784661

9794344473 0077120822

*ff

ssQffiwss Quaewfi wwmssm fflffifflwss
1160949868 0738786279 6833773087 0712401055
7361477571 5593667546 1741414861 1168179419
1451187335 0923482849 6042216358 8390501319

4778667885
0287206266

4334163655
0861618798

30
6966580976
6221079691

6200527704
4689769761

5250659630

2612137203

1174934715
3185378596

3514864177
9556135776

8637531133 ”
5167095115

6812339331
4164524421
5526992287
--35οῙ259445
7632241813
3415691695
3979848866

6195371756 6416735118 5689974193 6591159646 1618177634 9614395886
5938363341 9613136146 7866313967 4556118534 7643761799 4858611815
9177377892 0308483290 4884318766 0668380462 7249357326 47814910

8438287153 6523929471 6317455919 3954659949 6111661468 5138539641
661615113; (1) -5667566197 1191191435 7681619647 3551637179 5969773199
2141057934 5088161209 068010075; (3)..3778337531 4861460957 1788413098
4987405541 5617128463 4760705289 6725440806 045340050; (0)..0251889168

8894601542
1928020565

 

 

8211586901 ’
7481108312
2367758186
7657436736 ,

 

4785894166

--7381546134

7880299251

7331670822

--6149376558

9715685785
9361745635

..2542787286

9193154634
6919695354

¹ ,· 6144498777

3960880195
8166259168

..0238663484

1455847155
9880668257
4272076372
5659665871
2863961813

5491183879 6931989914 4331493761 7767868564 1317386351
6633416458 8518678364 1394614961 5935161694 7636911693
8763141895 1618453865 3366583541 1471311695 7665985637
9416433915 1119766748 1196758164

6034912718
5361596009

9161144389
0635696821

2298288508
5131173838
5061124694
5990220048
7641564791
4868735683
3699284009
7565631458
3150357995
1217183770

84248210

2044887780
9756613441
0274314214
5158914165
5574572127
6308068459
3765181173
8997555611
1760391198
5322195704

5465393794.

1338961147
2267303102

8830548926

5486284289
3965087281
4638463996
3789731651
1393643631
6577617114
5941320293
1149388753
0440097799
6571791361
7494033412
9713603818
6252983293
0143198090

2768079800

4987531171

7955112219 4513715710

3447431761
7848416757
9144

3985336673
0562347188
5110

7684964200
8878281622
6157517899
5560859188
6921241050

8361858190
9462102689

3496331518
1646586797

4773169689
9116945167
7613365155
5441517446
1183317422

6448362720
2668329177
4664837965

6698154364
7131916199

7696464547
4865515671

3374683119
0660146699

7374761676
3985680190
1312649164
3007159904
4343675417

303022670
6573566684
1369677366

6897755616 ‚
5012468827 ξ

6772616136
3716381418

5843516781
2665036674

6443914681
9367875894
6778641959 1
5346062052 “
6610978520

 

