420

Ι

 

 

ξ 457’(1) -7768052516 4113785557

 

463ξ

 

2144420131
6039387308

9474835886
..0765864332

NACHLASS

 

9868708971 5536105032 8227571115
8949671772
1531728665 2078774617

2910284463
5339168490

4288840262

1356673960

..0218818380

1816192560

..0216919739

7874186550
6832971800
3036876355
0238611713
5661605206

..7580993520

9006479481

..9092872570

7127429805

6126914660
7439824945
1750547045
6963123644
9761388286
4338394793
7483731019
6659436008
0737527114
5183585313
6414686825
1943844492
6155507559

..0215982721 3822894168

4017278617 7105831533

8315098468
2954048140
9518599562
2516268980
3340563991
9262472885
5227765726
6767895878
9674620390
1749460043
0539956803
4406047516
3952483801
4665226781
4773218142

2713347921
0437636761
3632385120
4772234273

2253829321
4879649890

3501094091
3188720173

3232104121 4750542299
0325379609 5444685466
6811279826 4642082429

5249457700
4555314533
1965442764
4557235421
1987041036
2958963282
8574514038

6507592190
6225596529
5788336933
1663066954
7170626349
9373650107
8768898488

5485961123 1101511879

9737417943
5820568927
0678336980
6630196936
5908096280
9037199124
5357917570
3492407809
377440347Ο
5010845986
8893709327
2841648590
0453563714
6436285097
8920086393
9913606911
1209503239
0496760259

ἢ

1072210065 6455142231
7899343544 85
3063457330 4157549234

5426695842
0875273522
7264770240
4989154013
1106290672
7158351409
9848156182
5488069414

45
9759299781
70
0151843817
4511930585
9783080260

2125813449
3167028199

9028077753 7796976241
1922246220 3023
0885529157 6673866090
4470842332 6133
7408207343 4125269978
1792656587 4730

 

3 9 11 13 27 31 37 41 43 53 67 71 73 79 81 83 89 101

Thesser ......
[ 2 2 2 6 2 17 5 6 28 26 12 62 5 29 11 50 30 2

Primitikurzel . .

 

211

Thesser .....
Primitikurzel .. 6

103 107 121 127
63

191 197 199
157 73 127 7

137
12

139 151 157 163 169 173

35 106 92 114 18 70 137 82

Theiler
Primitikurzel .

271 277 281 283
80 54 259

227 239 241 243
35 14 65

347
125

311 317 331
71 37

..... 251 293 307

163 111 6 89 138 258

349 353 359 373
28 299 82

397

401 409 421 431 439 443 449 457 463]
Primitikurzel . 220 ¹33 190 174 54 21 285 240 34 264 174

Ι Theiler
⁸

 

-—.-.-—.—..-..-——fi-—ff< 2. ,.

