 

 

 

 

 

 

 

 

 

 

 

 

 

 

 

 

 

 

 

 

 

 

 

QUADRATORUM MYRIAS PRIMA.
-Ι-ᾼῤ-ιΔ-ζι-ε-μὲ-θμῑ 312¹ 41] 514614 71581491‘4*
50 1102 Ἱ12029302 16402 25502 36602149702 64802 81902 500 mo
¹ 04· 0⁶5 08 ¹0 ¹2 14 16 18’ 20 601 242 26 28 30 32 34 36, 38 ο {0
2 0⁶ ¹03 ¹4 ¹⁸ 2² 16 30 34 38 704 272 31 35 39 43 47Ξ 51 55 49 ιοῙ

3 08 14, 20 26 32 38 44, 501 56 809 29 35 41¹ 47, 53 591 657 71Ξ 77 404 ΞΙ
4 10 18ξ 26 34 42 50 582 66Ξ 74 916 Ξ· 31, 39 47 55 ⁶3 71} 79:656487583795-112 5
5 13 ²3 33 43 53 63 735 83’ 81993 0²5 34 44 545 64 74 84 51194' 5665045838147 02 5 Ξ
⁶ 155 27139 51 63 75 49787 64899 81611 136 ,ἲ 36 48 60 724 84 37896 5ι2ο8Ξ 20 32 336 5
⁷ ¹7 3¹5 4⁵ 59 73 87 49801 ⁶49¹& ²9 149 5¹ 33 ⁵2 66 86 26594 37 908¹ 22 36 50 649
8 191351 51 67 83 36699 151 31÷ 47 364 Ξ 40 56 72 88 ,66ο4 20 36Ξ 52} 68 964 ’
5⁹ ²¹< 39' ⁵⁷ 7⁵ ²⁵⁵9³ 3⁶7³ ²95 471 ⁶5 481 ’ἵ 43¹ ⁶¹¹ 79 171971 15 33 5ιὲ 69Ξ83887 281
ἑ 50 235 43} 63 83 25603 23 43Ξ 63 82083 600 455 654 85 17305 25 457 ⁶5566585583905 600 Ξ
1 25. 475 69 91 13 35 575 79 82101 721 Ξ 47’ 69 91 13 35 57 79· 666014 23 921
² ²75 5¹ 75 ¹⁶499 23 47 71 ’64995Ξ ¹9 844 50 74 9998 22 46 70551294518 42 244 5
4 3 291 55 81 16567 33 59349885650115 37 966 ,ξ 52Ξ 78 ιοοο41 305> 56 82513081345 00 569 4
4 325 ⁶0 88 ¹⁶ 44 7²549900} ²35 5⁶ 096 3 547 82Ξ 10 38Ξ 66 37994· 22 50 78 896
5 34¹ 64 9394 24 54 84 ¹45 44. 7242 5 57Ξ 8754 17 47Ξ 77 38007‘] 37} 67733997 2 5
ὁ 36· 689400 32 ⁶43⁶79⁶ 285 ⁶042ss 1913561359· 91· 235 55ῗ 87 19 515¹. 83 84015 556
7 38 72 06 40 74 368085 42, 76, 58-7 210 489, ’11 ’1361 4695, 295 (³3 26597 31 655 66699Ξ 839
8 40¹ 76 12 48 84 20 56 650925 28 624 Ξ 64 4700 36 72726708 44 80166716, 224
69 42 80 18 56 25694 325 70 ’65198Ξ 4676 662 04 42, 30¹ 13 56 51394 3οἓ 561
70 1144 84 ²4 64 25704 445 84 245 490οΞ ”Ξ 685 081 485 885 28 685 51408, Ξ 900
1 47 891 31 73 15 5749999 41. ’,81783 0415471' 13¹ 55517397'4 39 3¹4 23ss , 241
1 491 93’ 37 81 25 69 566131 81301 18455 73 17 61’ 17405 49 380931 37. 584
Ξ 3 51 4297 43 89 35 81 275 735 932 ,9Ξ, 75 21 67,13 59 381051 511, Ξ 929
4 53 4301 49 16597 45 36893 41 651891 37 5..,76Ξ, 78 263 74 22 70 13 66, 276
5 55 05 55516605 55 36905 55 652055 5625 Ξ’· 80 30· 805 30³³ 80 3οέ 80¹ Ξ 625
6 57 ο9 61 13 65 17 69. 21 82 34 86 3826790 42;51494{ 975
7 59 13 67i 21 75 29 83 37 82391 9295 85 39 93 47 26801 55151509 4 329
8 . 62 18 74 30 v 86 42 50098 53 82409 0847 87Ξ 43 10099 55,Ι 11 67Ξ ²35 Ξ 634
79 64 22 80 38 25796 54 50112¹ 7οΞ 28 ²4¹5 9οΞ 48Ξ10106Ξ 641 22 80. 38, 04¹
80 66 26 864 46 25806 66 26 ’,’65286 46 400 Ξ 92Ξ, 5²5 125¹ 725 32 38192 5²5 Ξ 400
1 68 30· 925 54 16 78 40 65302¹ 64 561Ξ. 945 56'18¹ 8οΞ 42 38204! 655 Ξ 76¹
2 70 34 9498 62 26 36990 54Ξ 18 82 7482 7245 977 611 25, 895 53 17! 3¹4124
4 31 72 38 9504} 70 36 37002 68Ξ 34, 82500 88971399'4 65 31,¹7497 63 295 5¹5955, Ξ 489
4 4 75 43 1154 79 47 15 83Ξ 51Ξ 19 056714013 69 3717565, 73 4151609 Ξ 856
5 5 77 47 Ῑ7ζ 87 57 27501975657155045} 74 44 145 84 54} 2453 ¹, 225
» 6 79 51 23 16695 67 39 59711, 835 55 39655 06 78 50 22426894 665 38¹ 1 595
5 7 81 55 29516703 77 51 255 ’65399 735691, 08 82 56 30¹2 6904 785 52 ! 969
8 83 59τ 35¹ 11, 87 63 396541581591744Ξ ιιΞ 87. 63 59· 15Ξ382 9ι 67, 344
89 85 63ι 41 19 15897 75 53 31 82 60992 1 13, 91Ξ 69 4725383631 81 72¹
φο 88 685 48 23- 25908 3708ss 68Ξ 48 28 ιοοξ 16 ’,4796’ῗ 76 56· 36 16 51696 , ,00
1 1 90 721 54 3653 1837100 82Ξ 6528151 18 458³00 82 64 46 28 517 10 ¹, 48¹
1 2 92 76. 6οΞ 445 28 12 50296Ξ 80 64 464’ 2οΞ 045 88 72¹ 56 4οΞ 24 , 864
5 3 94 80 665 5255 38 24 50310¹ 65496 82687. 649 4 23Ξ 09Ξ10195 81¹I 67 53 39 ⁴ 249
4 96 84 72 6οΞ 48 3⁶5 24 65512 82 700 836} 25 13 10201 891Ι 77 65 53, , 636
5 1199 89 795 695 59 491 39 29’Ξ 19 025Ξ 28Ξ 18Ξ 08 1 5985 88 7854 68Ἰ 025 ³.
’ 6 1201 93 85 77Ξ 69 61, 53: 455 37 216,’ 30 225 14 17 606 -6998 58390, 82 416 ,
¹ 7 03 4397 9¹5 851 79 735 67³ 615 55 4095 32} 26: 20 14 27008 38402 517 96 309 ,
5 8 05 4401 9597,16793 89 85 81 775 73Ξ6<>4 35· 31Ξ 27 25 19 15 51811 , 204 7
Ξ 9 12074405 9603’ 16801 25999 37197 50395 6569382791 801 771437 4835ἷ102-33 1 631 2 029 38427 51825 1 601

 

 

   

