 
  

823

 

NACHLAS&

38319123020 7064555420 2192448233
{5919610231 4250913520 0974421437

32630937880
Ϊ1169305734
ζ7186358099
32082825822
ἶο935700365
ἷ1522533495
ἱ3898903775
ξ3399513789
ξ1215066828
Ξ4058323207
56354799513
Ᾰ7835030376
ῗο935601458
Ῐ6524908869

7193195635
ἓο425273390
ἶ8420413122
Ῐ8724179829
Δ4738760631

827] 1209189842

ζ8270858524
ξ3772672309
ἷ5405078597
Ῑ4570737605

3663845333

829⁷ 1206272617

4873341375
>9288299155
ζ5534738588

839 [1191895113

{8986889153
'3361144219

’0143027413
ι7878426698

6333739343

7259439707

8781973303

1680876979

4080389768
7369062119
8830694375

2813641900
6755771567
7764377035
9733685397
6707168894
0801944106
9878493317
7594167679
0364520048
7217496962
8906439854
8347509113
8053304353
7883917775
5535997581
3397833458
8041112454

2655298416
6735688185
4104750304
2935444579

5749086479
3666260657

2740560292

8611449451
2716199756
5651644336
1400730816
5066991473
7807551766
9035578563
7344701583
3264311814

1218026796 . ..

4363089914
3369380315
6913730355
2891859052
9358809334
1334433843
3333573396
6026731470
3329283110
1919805589

9453219927
9173754556
1640340218
3478736330
5078979343
2563791008
4763061968
2308626974
5710814094
3074119076

0012150668 .. ..

0834340991
0906892382
6303143893
2829504232
6553808948

7001209189 . ., ,

6115802171
1507840772
6091676718
6610373944
3300357568
7544696066
3087008343
5876042908
4505363538

ᾗ4803337306 3170441003- .

2907117008
0144752714
9384800965
5114595898
5339690107
7461263408
2657926102
2240762812

0095351609

5356711003
1039903364
5913938331
1644498186
0048367593

4439083333
1133896260
0180940892

821 {1218026796 5895349695 4933008536 1875761366 7478684531

8879415347
3946406820
1753958587
0779537149
8124238733
1388550548
7283800243
4348355663
8599369183

0959902794

5006075334
7120291616

4981773997
8639125151
5054678007
4082624544
4835965978
7752126366
5492102065

6375695384
8135755743
3180169286

2152357920
7122128174

8106151990
5548854041
6417370335

6731001206 . ..

2705601907
8200238379
5029797377
8724672228
0584028605

0321811680
0226460071
8307508939
8438617401
4827175208

0596833130
1376370280
9500609013
0889159561
8172959805
2521315468
1120584652
6053593179
8246041412
9220462850

6537059538
1433778857
0388821385
5698663426
8833535844
2904009720
3499393466
1287970838
9501822600

6136087484

1596130593
6517533353
5779937448
1934703748
1333373639

3498190591
0132689987
6936067551

5721090543
5137067938
2133492252
6686531585
5816448152

3288672350
1461632155
3983947634
5103532277

1157135456
9403166869

8623629719
0499390986’
9110840438
1827040194

2746051032
8371810449
1761846901
4884568651
4714459295
5346394046
5856622114
3961117861
3430133657
8116646415

5030229746
7306771463
6094316807
4885126964
6614268440

0735826296

9373738338
2665862484

5041716328
0214541120
6817640047
2205005959
5635744934

7917174177
9074399634
8477466504
7101096224
7600487210

6711337649 ’

8538367844
6017053375
4896467722
8843874543

8068043742

5747266099

5795868773
2758201701

2612393681
1735394896
2162818955
4823815309
3511543134
5538554070

0701330108

1197097944
7388149939

9334945586
1451027811

7430639334
8419782870

9215922798

9630513514
3814064362
6758045393
4755661501
4457687733

 

   
   
    
   
    
    

ὖ

 

 

  

