465

  

DETERMINANTES NEGATIVI.

  

 

        
               
           
          
         

 

                  
        

 

     
   
     
    
      
    
  

 

 

       

 

 

 

          
       
      
       

 

 

 

Centas 120. 11956‚ Ἴ811111ἱώ Ι. 1, G.11 ...... (402) ...... (6068)
..(7)..(547) 11991 G I. (..93) ,(1277) ,K 1 5. 6. 8. 9. 10.

G39 11923 19 11916 3] 1 1. 2. 3. ἲ 12. 13. 15. 16. 18.

45 11971(*3*) 11993. 3¹? 4. 7 . . 5 ,ἶ 22. 25. 28. 37. 58. ,15

81 119033 11994 3 11, 19. J 2 14. 17. 20. 32· 34.
11939(*3*) 20 11978 j‘ 23· 27· 36· 39· 46· 49· 52·

83 11927 21 11901. i} 31. 43. · 55. 63. 64. 73. 82.

95 11959 11957 ἕξ 67. 163 . . 8 j 97. 100. 142. 148. 193.. 20

123 11987 23 11989 1 5 47- 79· ³ 3 26· 29· 35· 38· 44·

’(31.11. ,(22) ,(1912) 24 11926. (4 103. 127 . . 4 4 50. 51. 53. 54. 61.

20 11953 11964. 1’ 7 71. 151. 75. 76. 81. 87. 91.

21 11962 11972(*2*) ²3 223. 343. 4 92. 99. 106. 108. 109.

24 11995 26 11936. 463. 487. . 6 115. 118. 121. 123. 124.

27 11907(*9*). 11945 Γ 9, 59. 83. 4 135. 147. 157. 162. 169.
11911. 27 11919. 11 107. 139. . 172. 175. 187. 202. 207.
11967 11930. 1 199. 211. 214. 235. 247. 262. 267.

30 11943. 11942. ζς243(131).ι 268. 277. 298. 358. 397.
11947 11961(*3*) μ 283. · 403. 427. 541. 652 ..... 49

31 11983 29 11951 f} 307 (*3 *). 4 41. 62. 68. 94. 95.

33 11974. 30 11912. {3 331. 367. Ι 98. 111. 113. 128. 137. 4
11979 11948 1 379. 499. ⁴ 158. 178. 183. 196. 226. 4

41 11941 32 1196601211) 4Ι 547, 643. 256. 289. 292. 295. 313.

48 11963 33 11931 ’,1. 823· 883· ¹ 337- 382· 388· 415· 457-

49 11933. 40 11924 ⁴, 907 . . . . 18 466. 478. 562. 577. 583.
11999 42 11954 167. 271. 772. 862 ............ 32

50 11975 G. V.1H(22) (1832) 111967 ..... 3 5 74. 86. 119. 122. 125.

57 11915 6 119141,1 13 191. 263. ⁴ 143. 159. 166. 181. 188.

66 11906 11937 1; 607. 631. 197. 218. 229. 242. 250.

69 11909 11968. Ι 727 ..... 5 303. 316. 317. 319. 346,

71 11981 11977 . 15 131. 179. 361. 373. 375. 394. 412.

73 11996 7 11973] 1 227. 239. 421. 422. 423. 508. 538.

80 119 69 8 11920(*2*) 347. 439. 613. 625. 694. 709. 757.

G. IV· (45)· 9(3564) 11940- ζῐ 443- 523- 847· 853· 877· 982 ····· 39

9 11992 11946 ι 571. 619. 6 89. 116. 155. 171. 203.

10 11922. 9 11913. 1 683. 691. 212. 219. 233. 241. 244.
11932. 11925. 44 739. 751. ’ 259. 274. 275. 279. 291.
11938· 11935· ; 787- 947··16 302· 323· 324- 327· 334-
11958 11949. i! 17 383. 991 .. 2 351. 355. 363. 387. 433.

11 11902. 11952 Ι. 19 311. 359. 436. 475. 484. 507. 526.
11965 10 11997. 1] 919 ..... 3 529. 543. 567. 603. 617.

12 11905. 12000 f* 21 251. 431. 622. 628. 655. 667. 673.
11908. 12 11904. 1 467. 503. ¹ 676· 687. 718. 723. 763
11917- 11910 587· 743· 775 802 898- 955 ····· 49
11929. , 15 11934 ἓ; 811. 827. 7 101 134 149.173 215 p
11950. 16 11976. 1 859. 863..10 278. 284. 287. 338. 349. I
11930·11984 25 479· 599· 391· 447· 454· 502· 511·
11988(*2 *). 17 11990 1 647 ..... 3 535. 604. 634. 639. 653.
11998 21 11921 ,14 27 419. 491. 703. 733. 778. 807. 838.

13 11986 G.XVI.(4)..(288) 15 563. 983 . . 4 841. 892. 997 ......... 28

15 11944. 3 11928 {l 29 887 ..... 1 8 146. 164. 254. 257. 353.
ΙΙ955 4 11985 11 31719. 911 . . 2 407. 409. 452. 471. 512.

17 11982 5 11960 113 33 659· 839- -2 514· 527· 548· 559· 578·

18 11916. 6 11970 415 45 971 ..... 1 722. 799. 895. 943. 958.

W Summa 471. ,8.143 ¹111r1eg.2 pr. 2130 961 · · ··········· ²²¹
Irreo. 8 Impr. prim. 1361 i· ι

     

Π. 67

