 

 

NAanAss. ZERLEGBARE aa-†-1 UND aa-†-4. ι

4 15075. 32406. 39818. 40188. 51917. 86143. 88868. 106242. 160590. 161832’. 219602. 389163464307. 607533.
ζ 1083493. 1143007. 2298668. 5033696. 168623905. 284862638*

113 ξ 15. 98. 128. 437. 693. 776. 919. 1032. 1341. 1567*. 1597. 3149. 3405. 4535. 6682. 6908. 7443. 7782. 9703.
4 12332*. 13545. 14140. 17191. 19534. 21907. 34367. 43633. 57532. 67333. 136293*. 191407. 286018. 411787.
4 536463- 566793- 567933· 1538649- 1615463· 1834357- 3377387*· 3457657· 3861448· 7691443· 599833943

 

137 4 37, 100. 174. 237. 922. 1407. 1607. 1955. 2018. 4484*. 5928. 7161. 9901. 10312. 11471. 13252, 19902. 22231. ι

4 28322. 30103*. 40517. 49083. 51412. 52571. 68463. 90657. 93197. 101343. 109637. 117372*. 145046. 210943.

, 228068. 256638. 494607. 500150. 721068. 899168. 1477034. 3370434*. 4079486. 9639557

149 44. 105. 193. 403. 701. 1087. 1148. 1744. 1832. 1893*. 5767. 6065. 6898. 9133. 10833. 14646. 18432. 19326.

 

Ι, 20457. 22157*. 24331. 25523. 28205. 28862. 32973. 37057. 39082. 42658. 80802. 83247*. 84141. 93020. 4

4 128482. 143382. 145231. 189782. 191807. 208048. 262433. 307939*. 309070. 409557. 447342. 534568. 571459.
¹ 700107. 1010027. 2379723. 2680168. 6151956*. 6656382. 9689961. 32944452. 58305593
157 28. 129. 185. 342. 443. 499. 757. 1228. 1385. 2013*. 2540. 2697. 3112. 3583. 3740. 4581. 5052. 6252. 7093.
. 14573*. 16513. 19653. 22008. 25462. 38807. 41319. 43932. 54193. 67852. 71564*. 78629. 88733. 117251.
ζ 129553. 180107. 184133. 210195. 211765. 249503. 263317*. 267657. 703175. 780262. 812447. 1131527.
· 1413443· 1618855· 1664957· 1954367· 3933783*- 3139557· 3373693- 4318933· 4466678· 4773557· 5983676·
6315768. 9548768. 15165443. 16000778*. 299252491
173 80. 93. 253. 599. 772. 785. 945. 1118. 1477. 1823*. 3207. 4232. 5283. 5443. 5962. 8224. 12882. 13068. 13241.
4 18258*. 19283. 21705. 31752. 32258. 46444. 46617. 48187. 51115. 81749. 89361*. 102163. 136404. 159772.
’4 174118. 194718. 201106. 251103. 281897. 322392. 383807*. 518734. 627391. 1000193. 1024240. 1068182.
2 1351742. 1750507. 1766693. 2353918. 2733307*. 3136570. 3815076. 4650839. 9614382. 10328193. 11131086.
’ 12514913.12750353. 14698000. 16317267*. 23747457. 24310918. 53365057. 75505943. 111530944. 327012132
181 19. 162. 200. 343. 524. 743- 924. 1067. 1467. 2010*. 2191. 2515. 3458. 3782. 5087. 8307. 9431. 10298. 13918.
143181. 24778. 25683. 27493. 35857. 37448. 44507. 47403. 112782. 117307. 148582*. 155317. 157308. 162014.
181343. 181743. 190393. 216676. 221382. 287228. 28903814. 2983074331068. 385692. 538275. 548630. 783568.
848871. 936513. 1059193. 1067157*. 1139557. 2471717. 2475918. 2484968. 2959007. 3800438. 3931663.
ἱ 4000300. 7620662. 8082212*. 8571779. 12477035. 15986092. 20198495. 24280807. 34602875. 167207057.
4 211823957. 1112115023. 2971354082*. 14033378718

193 ¹ 81. 112. 467. 660. 853. 1239. 1270. 1432. 1818. 2042*. 2428. 2621. 3362. 4327. 4906. 4937. 6481. 9152. 9762.

4 12433*. 13043. 14942. 24816. 25943. 30027. 28326. 45050. 47783. 54507. 75382*. 80593. 81141. 83071.
² 88668. 88699. 89471. 137883. 141743. 236151. 263557*. 265842. 444753. 606385. 623888. 662843. 672717.
4 793921. 907567. 1306143. 1373307*. 1387203. 1518057. 1909461. 2036069. 2050706. 2052057. 2126007.
t 3025001. 3911450. 6356150*. 6817837. 9407318. 121042733. 185507821. 8193535810

197 14. 183. 211. 408. 577. 999. 1196. 1393. 1984. 2153*. 2350. 2547. 3166. 3532. 4545. 7697. 8457. 9667.

4 11018. 14958*. 16928. 19123. 19911. 20080. 25793. 26018. 32885. 33307. 40568. 41187*. 42932. 44733.

4 50052. 54358. 90212. 99893. 104818. 133749. 137719. 148158*. 150522. 232643. 247643. 292362. 403639.
4 418048. 465525. 465694. 586455. 704683*. 791532. 832902. 911111. 1031675. 1049433. 1089593. 1197943.
1264557. 1402232. 3637197*. 3894873, 4697282. 4751232. 6208047. 6829610. 6981694. 7138478. 8809432.
10669731. 1837831312 22866693. 31011557. 34436768. 45500682. 95665578. 317742693. 830426722.
1383794679· 3955686937

 

 

 

 

 

 

 

 

 

 

 

 

Zerlegbare stads-4. 127 13.17.73 4 283 13.61.101 Ι 691 5.29.37.89 ἶ 1159 5.37.53.137
1 ῗ5 il 3915561 4 141 5.41.97 ξ4 309 5.13.13.113 705 13.13.17.173 4 1305 97.97.181
3ε13 ³ 43 17·109 ’4, 143 113131 4 311 5·5·53·73 749 5·29·53·73 1351 5.17.109.197
5 439 [ἶ 49 5-13 37 4 161 5·5-17·61 44 335 13·89·97 759 5·29·29 137 Ι 1371 5·41·53·173
7 ;53 Q 53 29 97 2² 1694 5-29·197 4 359 5·149·173 761 5·5 5-41·113 u 1381 5·13·13·37·61
9 {fv-17 ’4 59 5·17·41 l 1791 5·13·17·29 393 13·109·109 329 5··13·97·109 1499 5=41·97·113
11 45-5·5 st 61 5 5-149 199 ,5 89·89 417 17·53·193 841« 5·17·53-157 1581 5·41·89-137
134173 4 63 29·137 205 ’ 13·53·61 419 5·13·37·73 943 17·17·17·181 1745 13’29ὲ41·197
Ξῖ4ζίἒῗ, 14 ἓζιὲἰὲΐῗ 4 ἰῖξξξξῖξίξξ 23} {72353132 135} {533371‘3'2‘3337 {3333 ξῑξζίἐὶῖῗζ.
23 Ι 13.4’1 Ε4 99 4 5,37.53 4 219 5.53.181 527 29.61.157 1043 ,13.13.41.157 2025 13.29.73.149
25 41737 101 -, 5.13.157 4 237 ἲ 13.29.149 5351Ι 17.113.149 1047 4 89.109.113 2343 13.37.101.113
29 5.13.13 ’ 111 ξ 5.5.17.29 4 247 17.37.97 611 .5.5.109.137 1089 4 5.5.13.41.89 2355 17.41.73.109

 

 

31 5.193 Η 121ἶ5.29.101 4 261 5.5.5.5.109 679]5.13.41.173 31, 1131Ῑ5.17.101.149 2441 5.13.29.29.109

 

 

 

    

